0.000086 -0.006566 -0.000808 -0.008106 -0.014162 0.144523
0.000207 -0.007023 -0.000723 -0.008649 -0.014139 0.142783
0.000486 -0.007244 -0.000468 -0.008401 -0.014140 0.151071
0.000791 -0.009245 -0.000518 -0.011565 -0.014038 0.175549
0.000908 -0.010923 -0.000323 -0.013375 -0.013974 0.194036
0.000432 -0.012893 -0.000254 -0.015592 -0.013944 0.195662
-0.000088 -0.016248 -0.000310 -0.019413 -0.013835 0.205682
-0.000011 -0.019794 0.000072 -0.021779 -0.013764 0.239067
0.000254 -0.020315 -0.000040 -0.022592 -0.013706 0.256640
0.000213 -0.022502 -0.000727 -0.026686 -0.013555 0.289072
0.000619 -0.024151 -0.003186 -0.034631 -0.013382 0.304008
0.000605 -0.025877 -0.003202 -0.036556 -0.013345 0.307540
0.000258 -0.027790 -0.002217 -0.036394 -0.013382 0.310141
-0.000244 -0.032077 -0.001628 -0.039611 -0.013375 0.304265
-0.000579 -0.033484 -0.002517 -0.043580 -0.013339 0.317369
-0.001148 -0.035367 -0.002705 -0.046101 -0.013312 0.327939
-0.001181 -0.036998 -0.003213 -0.049075 -0.013204 0.315171
-0.000731 -0.036914 -0.003368 -0.049383 -0.013167 0.304971
-0.001059 -0.036700 -0.003283 -0.049092 -0.013199 0.291577
-0.000681 -0.037370 -0.002331 -0.047337 -0.013318 0.294425
0.000466 -0.039250 0.000260 -0.041408 -0.013472 0.320600
0.000319 -0.039954 0.000477 -0.041338 -0.013507 0.315019
-0.002623 -0.043320 -0.002074 -0.052745 -0.013221 0.313192
-0.003369 -0.047207 -0.003342 -0.060042 -0.013102 0.356489
-0.001454 -0.050067 -0.002260 -0.060670 -0.013170 0.353873
-0.000285 -0.052893 -0.001273 -0.061168 -0.013203 0.378759
-0.000449 -0.054628 0.000149 -0.058178 -0.013300 0.380809
-0.000738 -0.056231 -0.000288 -0.061395 -0.013279 0.385373
-0.002098 -0.053616 -0.001505 -0.062206 -0.013232 0.362396
-0.002911 -0.056730 -0.001091 -0.063857 -0.013263 0.386474
-0.002446 -0.057510 0.000218 -0.060918 -0.013316 0.398813
-0.001994 -0.057397 0.000990 -0.058644 -0.013374 0.411015
-0.002266 -0.057796 0.001847 -0.056781 -0.013381 0.413514
-0.001312 -0.056577 0.002130 -0.054843 -0.013411 0.414429
-0.002876 -0.054993 0.001116 -0.055474 -0.013378 0.448771
-0.001381 -0.050891 0.002251 -0.048364 -0.013539 0.461363
0.000049 -0.048298 0.001950 -0.046281 -0.013684 0.498759
0.000052 -0.044211 0.000357 -0.045870 -0.013838 0.549743
0.000428 -0.039617 -0.000119 -0.042378 -0.013880 0.550534
0.001973 -0.036698 -0.000437 -0.040235 -0.014075 0.590667
0.003164 -0.033115 -0.000047 -0.035320 -0.014137 0.589796
0.003201 -0.030877 -0.000922 -0.035397 -0.014168 0.611148
0.002126 -0.024556 -0.001835 -0.031226 -0.014344 0.657226
0.002636 -0.018801 -0.002001 -0.025390 -0.014378 0.666895
0.000488 -0.014800 -0.001180 -0.019480 -0.014478 0.683130
-0.001053 -0.011544 -0.000031 -0.012582 -0.014888 0.725304
-0.001706 -0.007259 -0.001265 -0.011479 -0.015150 0.751453
-0.001638 -0.004080 -0.002015 -0.009053 -0.015460 0.777830
-0.000712 -0.002111 -0.000290 -0.003162 -0.015798 0.810970
-0.000475 0.000051 0.001006 -0.000516 -0.015885 0.821285
-0.001495 0.001905 0.001369 0.001594 -0.015835 0.816872
-0.001801 0.002174 -0.000390 0.000498 -0.015873 0.821026
0.000130 0.001660 -0.001089 -0.000285 -0.015971 0.823430
0.002369 0.001176 -0.000407 -0.000243 -0.015967 0.814910
0.000247 0.001228 -0.000030 -0.000009 -0.015990 0.826902
-0.002285 0.001986 0.000510 0.000929 -0.016068 0.840678
-0.003093 0.002026 -0.000149 0.000658 -0.016454 0.872416
-0.001277 0.002150 -0.000159 0.000696 -0.016320 0.853279
0.000810 0.002043 -0.001137 0.000066 -0.016393 0.853125
0.003052 0.001745 -0.001027 -0.000024 -0.016417 0.849573
0.000613 0.001608 -0.000148 0.000360 -0.016685 0.873236
-0.002103 0.001735 0.002253 0.002495 -0.016596 0.878855
-0.001576 0.001587 0.001343 0.001111 -0.016639 0.879165
-0.001154 0.001389 0.001053 0.000852 -0.017171 0.912637
0.005204 0.000343 0.000038 -0.000685 -0.016822 0.872262
0.007664 0.000138 0.000828 -0.000456 -0.016958 0.875193
0.005171 -0.000279 0.002395 -0.000157 -0.016591 0.858622
-0.000633 -0.000313 0.000118 -0.001210 -0.017001 0.898379
-0.007120 -0.000202 -0.001176 -0.002099 -0.017095 0.923733
-0.006764 -0.000401 -0.001161 -0.002351 -0.017108 0.921818
-0.005102 -0.000650 -0.001354 -0.002974 -0.016743 0.889419
-0.000137 -0.000443 -0.000959 -0.002810 -0.016865 0.885929
0.003796 -0.000066 -0.000512 -0.001450 -0.017211 0.898247
0.002395 -0.000037 -0.000983 -0.001923 -0.016713 0.869590
-0.001485 0.000036 -0.001695 -0.003172 -0.017430 0.931494
-0.002152 0.000246 -0.001347 -0.002538 -0.017716 0.951886
0.001560 0.000411 -0.001717 -0.002354 -0.017104 0.900360
0.005126 0.000419 -0.001845 -0.002312 -0.017239 0.898988
0.004216 0.000316 -0.001321 -0.001889 -0.017012 0.890341
-0.000264 0.000459 0.000582 -0.000292 -0.017728 0.946655
-0.001671 0.000359 0.001419 0.000006 -0.018151 0.976828
-0.004467 0.000157 0.000916 -0.000476 -0.018099 0.982822
-0.005351 0.000678 0.001401 0.000241 -0.018247 0.990803
-0.002506 0.000376 0.000315 -0.000563 -0.018278 0.981855
0.000477 0.000721 0.000137 -0.000302 -0.018295 0.973604
0.004391 0.000372 -0.000599 -0.001576 -0.018166 0.957766
0.004356 0.000599 -0.000589 -0.001213 -0.018185 0.959558
0.002787 0.000628 -0.002591 -0.003600 -0.017919 0.948327
0.001723 0.000183 -0.001526 -0.003182 -0.018110 0.960878
0.002461 0.000019 0.000939 -0.000517 -0.018201 0.962035
0.004345 -0.000162 0.002472 0.000145 -0.017852 0.938245
0.001865 0.000094 0.002349 0.000366 -0.017698 0.935093
-0.003405 -0.000850 -0.000093 -0.002012 -0.017495 0.936848
-0.005820 -0.001039 0.000662 -0.001379 -0.017175 0.922523
-0.002984 -0.000656 -0.000062 -0.001521 -0.017193 0.914285
0.001224 -0.000368 -0.000510 -0.002069 -0.017124 0.900231
0.004330 -0.000212 -0.002492 -0.003952 -0.016895 0.879026
0.003332 0.000003 -0.003640 -0.004860 -0.016707 0.869447
0.001229 0.000085 -0.002393 -0.003350 -0.016484 0.859609
-0.000817 0.000105 -0.000302 -0.001141 -0.016740 0.881245
-0.000991 0.000186 0.000654 -0.000446 -0.016635 0.876948
0.000299 0.000571 -0.001519 -0.001489 -0.015860 0.809498
0.000159 -0.000108 -0.000443 -0.001619 -0.015894 0.809430
-0.000880 0.000218 0.001107 -0.000333 -0.015904 0.810744
-0.002022 0.000472 0.002062 0.000334 -0.015852 0.806051
-0.003831 0.000248 0.001038 -0.000315 -0.015722 0.793051
-0.001914 0.000243 0.001011 -0.000299 -0.015465 0.757473
-0.000076 0.000657 0.000089 -0.000417 -0.015474 0.755316
0.001499 0.000940 -0.000311 -0.000366 -0.015863 0.788167
0.003616 0.000613 -0.000020 -0.000435 -0.015339 0.735727
0.002640 0.000730 0.000469 -0.000060 -0.015258 0.730847
0.002361 0.001102 -0.000289 -0.000121 -0.015370 0.741572
0.000777 0.002535 -0.000655 0.000763 -0.015207 0.734422
-0.000780 0.005063 -0.000031 0.004397 -0.015001 0.730044
-0.001002 0.008349 0.001599 0.012104 -0.014608 0.718499
-0.001033 0.010244 0.001770 0.014642 -0.014569 0.720910
-0.000966 0.011556 0.000167 0.012748 -0.014786 0.734231
-0.001175 0.013991 -0.000367 0.014141 -0.014420 0.701685
-0.001433 0.017499 -0.001770 0.015278 -0.014200 0.682283
-0.001057 0.020792 -0.000351 0.021058 -0.013594 0.636931
-0.000998 0.024260 -0.000196 0.024620 -0.013243 0.591901
-0.000460 0.026486 0.000733 0.028532 -0.013076 0.582087
0.000180 0.030697 0.001490 0.033935 -0.012813 0.563694
-0.000390 0.035514 0.001923 0.038630 -0.012481 0.549095
-0.000521 0.036966 0.002953 0.041582 -0.012324 0.546709
-0.000057 0.039035 0.002753 0.043116 -0.012226 0.536023
-0.001648 0.044578 0.004184 0.050457 -0.011889 0.531039
0.000102 0.050200 0.005857 0.058290 -0.011629 0.538394
0.001506 0.054056 0.007063 0.063877 -0.011215 0.501513
0.001699 0.055566 0.005092 0.062567 -0.011148 0.461935
0.000459 0.056419 0.004396 0.062300 -0.011130 0.443734
-0.001458 0.054666 0.000622 0.053750 -0.011432 0.424417
-0.001015 0.053787 0.002557 0.056634 -0.011344 0.442906
-0.001689 0.053969 0.004016 0.059195 -0.011211 0.442333
-0.001780 0.054116 0.005031 0.061208 -0.011115 0.426328
0.001138 0.054059 -0.001826 0.048910 -0.011545 0.412845
0.004058 0.053386 -0.004301 0.043425 -0.011817 0.439510
0.006340 0.054221 -0.003194 0.045213 -0.011864 0.465765
0.003592 0.056693 -0.004389 0.045329 -0.011696 0.456538
0.001083 0.056227 -0.002571 0.048570 -0.011584 0.465235
0.000939 0.055937 -0.000702 0.051586 -0.011517 0.477409
0.001538 0.054669 -0.001359 0.049011 -0.011761 0.516595
-0.001033 0.053535 0.000701 0.051506 -0.011781 0.543931
0.000037 0.047209 -0.001879 0.041254 -0.012393 0.584509
0.001966 0.042461 -0.001926 0.036750 -0.012791 0.614890
-0.001231 0.034012 -0.000802 0.031398 -0.013034 0.615257
-0.001355 0.027522 0.002780 0.032483 -0.013316 0.656838
-0.001013 0.022973 0.002290 0.027102 -0.014037 0.707489
-0.001628 0.020451 0.002443 0.024787 -0.014386 0.733925
-0.002475 0.017994 -0.000018 0.017753 -0.014672 0.738806
-0.001476 0.015743 -0.002931 0.010317 -0.014809 0.720811
-0.001506 0.014348 -0.003082 0.008740 -0.014921 0.724964
-0.000154 0.014112 0.001382 0.017409 -0.014983 0.757446
0.000155 0.015694 0.000626 0.017252 -0.015089 0.764964
-0.000575 0.016142 0.001538 0.019161 -0.015215 0.797134
-0.000563 0.015800 0.000640 0.016591 -0.015535 0.826062
0.002790 0.013278 0.000416 0.014006 -0.015265 0.781478
0.004819 0.011756 -0.000291 0.011097 -0.015475 0.793324
0.005496 0.010108 0.000894 0.012448 -0.014982 0.741862
-0.000235 0.008667 -0.000525 0.007540 -0.015047 0.741957
-0.007506 0.006409 -0.002901 0.000940 -0.015755 0.809770
-0.008858 0.003255 -0.004536 -0.001297 -0.015937 0.830987
-0.003938 0.002599 -0.002298 -0.000359 -0.016151 0.839965
0.000967 0.002615 0.000102 0.001385 -0.015903 0.806524
0.000743 0.002847 -0.000013 0.001436 -0.016082 0.827063
-0.002091 0.003113 0.000591 0.002559 -0.016293 0.853803
-0.002481 0.002555 0.002481 0.004762 -0.016282 0.859818
-0.001413 0.003027 0.002299 0.005457 -0.016290 0.858447
0.003565 0.002320 0.000835 0.001791 -0.017080 0.889088
0.006380 0.001858 -0.002458 -0.000844 -0.017191 0.888565
0.007064 0.001854 -0.000458 0.000290 -0.016644 0.854711
0.003843 0.001546 -0.000370 0.000115 -0.016182 0.826869
-0.001722 0.002146 0.000102 0.000781 -0.016098 0.836605
-0.004027 0.002708 -0.001216 0.000272 -0.016181 0.844648
-0.004352 0.002527 -0.000415 0.000712 -0.016831 0.891991
-0.001057 0.002669 0.002468 0.004860 -0.016422 0.862108
0.000899 0.001290 0.002332 0.001789 -0.016670 0.873461
0.000603 0.001491 0.002198 0.002150 -0.016594 0.869488
0.002191 0.001152 0.000980 0.000647 -0.016582 0.861964
0.001612 0.000777 0.001322 0.000457 -0.016370 0.850665
0.000192 0.000901 0.000530 0.000298 -0.016780 0.879851
-0.000911 0.000823 -0.001918 -0.001906 -0.017455 0.924510
0.000518 0.000154 -0.000884 -0.001799 -0.017630 0.933487
-0.000468 -0.001127 -0.003063 -0.006437 -0.017733 0.942735
-0.001196 -0.001719 -0.000917 -0.004258 -0.017332 0.920433
-0.000331 -0.002608 -0.002179 -0.007241 -0.017277 0.915110
0.000050 -0.002844 -0.002366 -0.008032 -0.017507 0.929404
0.004712 -0.003007 -0.000472 -0.004654 -0.017368 0.907973
0.003421 -0.002739 -0.000806 -0.004954 -0.017048 0.891199
0.001358 -0.001740 0.000143 -0.002693 -0.016978 0.890861
-0.001184 -0.001851 -0.000597 -0.003679 -0.016761 0.885481
-0.000473 -0.001973 0.000446 -0.002330 -0.016805 0.886688
-0.001554 -0.001274 -0.000030 -0.002187 -0.016667 0.878978
-0.003962 -0.000827 -0.000576 -0.002253 -0.017038 0.906731
-0.004693 -0.000579 -0.002008 -0.003578 -0.016893 0.900473
-0.001914 0.000841 -0.001049 -0.000854 -0.017376 0.925837
-0.000142 0.001909 -0.002872 -0.001615 -0.017459 0.924393
0.001438 0.002271 -0.001133 0.000316 -0.017497 0.922114
0.002508 0.001620 -0.000258 0.000414 -0.017431 0.915739
0.002252 0.001584 0.000160 0.000628 -0.017394 0.914280
0.000417 0.001401 -0.000060 0.000299 -0.016922 0.890318
-0.001569 0.000275 0.000864 -0.000131 -0.017340 0.916735
-0.001323 -0.000055 0.000918 -0.000408 -0.017661 0.935520
0.000850 0.000248 -0.000619 -0.001485 -0.017723 0.933599
0.003923 -0.000074 -0.001996 -0.003323 -0.017629 0.922388
0.006176 -0.000256 -0.001927 -0.003304 -0.017529 0.911742
0.005078 0.000428 -0.001691 -0.002028 -0.017605 0.917247
0.005611 0.000307 -0.003114 -0.004109 -0.017825 0.930224
0.000676 0.000639 0.000522 0.000074 -0.017287 0.908739
-0.006440 -0.000764 0.001409 -0.000728 -0.017028 0.910476
-0.008642 -0.002305 -0.000582 -0.003319 -0.017213 0.929139
-0.007225 -0.002620 -0.000538 -0.003743 -0.017368 0.935815
0.002521 -0.001738 0.000996 -0.001958 -0.017791 0.940100
0.003747 -0.001689 0.003203 -0.000729 -0.017174 0.901479
0.001243 -0.001912 0.000404 -0.002622 -0.017416 0.920145
0.002123 -0.003020 -0.002039 -0.007473 -0.017243 0.911140
0.003041 -0.003720 -0.001734 -0.007728 -0.016706 0.871595
0.003065 -0.005165 -0.000943 -0.007698 -0.016476 0.859488
0.004494 -0.003462 -0.002382 -0.008426 -0.016381 0.846750
0.000166 -0.003912 -0.003565 -0.012640 -0.016143 0.846546
-0.002188 -0.004489 -0.002538 -0.010908 -0.016318 0.864326
-0.006056 -0.005453 -0.001760 -0.009506 -0.016484 0.882382
-0.005694 -0.005891 -0.000120 -0.006092 -0.016515 0.880423
-0.003979 -0.007670 0.000204 -0.007603 -0.016235 0.857613
-0.000953 -0.007910 -0.000491 -0.010298 -0.016199 0.852309
-0.003844 -0.006769 -0.000266 -0.007742 -0.016168 0.847280
0.000837 -0.005986 -0.000226 -0.007294 -0.016517 0.865339
0.001275 -0.006424 -0.001951 -0.012229 -0.016322 0.858107
0.003870 -0.007503 -0.000031 -0.008152 -0.016364 0.852996
0.002671 -0.007866 0.002214 -0.004652 -0.016245 0.844293
0.001114 -0.006900 -0.000115 -0.008037 -0.015970 0.824800
-0.005681 -0.006753 -0.000756 -0.008483 -0.015903 0.828933
-0.004188 -0.009061 -0.000673 -0.011038 -0.016135 0.849421
-0.001963 -0.006820 -0.000712 -0.009201 -0.016017 0.833537
0.003648 -0.006964 0.001080 -0.005468 -0.016157 0.828360
0.006677 -0.007343 0.000690 -0.006449 -0.016281 0.835554
0.002128 -0.008025 0.001741 -0.005332 -0.016104 0.827351
-0.002653 -0.009474 0.000366 -0.009178 -0.015535 0.791067
-0.005960 -0.011963 0.000346 -0.011650 -0.015261 0.768389
-0.006702 -0.011726 -0.000373 -0.013103 -0.015519 0.795847
-0.002064 -0.010804 -0.000035 -0.011904 -0.015576 0.791860
0.005413 -0.010635 -0.002851 -0.019128 -0.015773 0.801211
0.009215 -0.011184 -0.002085 -0.017313 -0.015757 0.790843
0.005529 -0.011883 0.000029 -0.013761 -0.015333 0.742834
-0.004988 -0.012887 0.001069 -0.011487 -0.015140 0.743942
-0.007732 -0.012397 0.000175 -0.012496 -0.015285 0.772922
-0.005184 -0.012430 0.001711 -0.009247 -0.015488 0.792500
0.002655 -0.012125 0.001808 -0.009373 -0.015493 0.780293
0.005160 -0.010834 0.000177 -0.011739 -0.015763 0.806145
0.007075 -0.009577 0.000278 -0.009879 -0.015871 0.807452
0.005485 -0.007576 0.001676 -0.005084 -0.015904 0.808188
0.001686 -0.007098 -0.000188 -0.008502 -0.015690 0.800024
0.000063 -0.007959 -0.003894 -0.018804 -0.015620 0.808610
-0.002009 -0.008396 -0.000528 -0.010678 -0.015958 0.834778
-0.007308 -0.008255 0.000395 -0.007422 -0.015980 0.840541
-0.008286 -0.007495 0.000923 -0.005425 -0.015975 0.835593
-0.006012 -0.007942 -0.005135 -0.020676 -0.015859 0.837911
0.003098 -0.005464 -0.004597 -0.016881 -0.016411 0.858840
0.007536 -0.004059 0.000447 -0.003928 -0.016740 0.862056
0.007099 -0.003458 0.003869 -0.001349 -0.016588 0.853277
0.000255 -0.002526 -0.000487 -0.004331 -0.016258 0.843618
-0.004850 -0.005212 -0.003255 -0.013110 -0.016290 0.865237
-0.003820 -0.005324 0.000080 -0.005431 -0.016633 0.884472
0.002340 -0.004607 0.001927 -0.002904 -0.017082 0.896067
0.005806 -0.004315 -0.002138 -0.008932 -0.016517 0.855707
0.005811 -0.004912 -0.002601 -0.010977 -0.016113 0.826658
0.001102 -0.005301 -0.002477 -0.012089 -0.015859 0.816146
-0.004343 -0.004456 -0.001561 -0.008162 -0.015760 0.812662
-0.001459 -0.003851 -0.001083 -0.006747 -0.015936 0.821468
0.000187 -0.003900 -0.001369 -0.007652 -0.016004 0.825625
0.001381 -0.003181 0.000339 -0.003328 -0.016128 0.830448
0.001232 -0.003030 0.000066 -0.003269 -0.015757 0.794571
0.000189 -0.003084 -0.000334 -0.004230 -0.015843 0.806781
0.000280 -0.002973 -0.001544 -0.006406 -0.015865 0.811027
0.000861 -0.003015 -0.000837 -0.005118 -0.015713 0.791497
0.004193 -0.002856 -0.000414 -0.003424 -0.015510 0.757092
0.004607 -0.002967 -0.000232 -0.003186 -0.015302 0.736392
0.002956 -0.002892 -0.001125 -0.004560 -0.014990 0.717349
-0.003682 -0.003264 -0.000932 -0.004740 -0.015096 0.735350
-0.008585 -0.003547 -0.002137 -0.007398 -0.015330 0.763140
-0.008827 -0.002534 -0.000465 -0.002694 -0.015619 0.788385
-0.004705 -0.002239 0.000271 -0.002484 -0.015483 0.768069
0.000991 -0.002444 0.000404 -0.002732 -0.015313 0.746478
0.003741 -0.002375 -0.000768 -0.003093 -0.015046 0.718704
0.003499 -0.002504 -0.000932 -0.003195 -0.014860 0.703130
0.001458 -0.001435 -0.000409 -0.002179 -0.014647 0.686884
0.000551 -0.000709 0.000374 -0.001148 -0.014546 0.678783
-0.000790 -0.002128 0.000449 -0.001964 -0.014444 0.663570
-0.001071 -0.001631 0.000028 -0.001773 -0.014331 0.651097
0.000033 -0.002842 0.000341 -0.002182 -0.014232 0.635946
0.000139 -0.001801 0.000206 -0.001542 -0.014143 0.615548
0.000775 -0.002109 -0.000013 -0.001794 -0.014034 0.591278
0.002970 -0.001406 -0.001419 -0.002005 -0.013907 0.549432
0.004047 -0.001685 -0.000019 -0.001203 -0.013882 0.523811
0.001908 -0.002389 0.001530 -0.000657 -0.013850 0.503867
-0.000267 -0.002434 0.002592 0.000082 -0.013832 0.482667
-0.000981 -0.003756 -0.000842 -0.005123 -0.013662 0.462788
-0.001400 -0.005093 -0.003344 -0.012075 -0.013485 0.455376
-0.004465 -0.006103 -0.004944 -0.016964 -0.013415 0.499098
-0.007354 -0.009335 -0.003417 -0.017683 -0.013643 0.547144
-0.003820 -0.008643 -0.001051 -0.012080 -0.013614 0.482489
-0.000551 -0.008914 0.001518 -0.006979 -0.013735 0.413562
-0.000120 -0.012020 0.000590 -0.012461 -0.013649 0.382287
-0.000275 -0.014787 0.000261 -0.016032 -0.013608 0.367559
-0.000024 -0.017336 -0.001397 -0.022714 -0.013511 0.352304
0.000788 -0.019239 -0.002495 -0.027477 -0.013496 0.335910
0.003113 -0.022386 -0.001596 -0.028122 -0.013617 0.335493
0.004605 -0.022757 -0.001528 -0.027861 -0.013665 0.327003
0.004524 -0.023414 -0.001021 -0.027249 -0.013720 0.298411
0.002975 -0.022671 -0.003456 -0.032762 -0.013599 0.268416
0.001277 -0.022363 -0.004594 -0.035556 -0.013441 0.250332
0.000168 -0.023770 -0.002074 -0.031439 -0.013573 0.227042
-0.000085 -0.024895 0.000170 -0.026905 -0.013713 0.210881
-0.000223 -0.026866 -0.000232 -0.029937 -0.013571 0.218473
-0.000863 -0.029479 -0.001445 -0.036272 -0.013468 0.238827
-0.001411 -0.031500 -0.002959 -0.042551 -0.013331 0.278348
-0.001487 -0.030307 -0.002462 -0.039923 -0.013377 0.277096
-0.000686 -0.031746 -0.002243 -0.041080 -0.013401 0.285734
-0.000366 -0.031113 -0.002642 -0.041311 -0.013375 0.289080
-0.000867 -0.031706 -0.003580 -0.044145 -0.013289 0.319028
-0.000436 -0.034361 -0.002466 -0.044536 -0.013364 0.321285
0.000903 -0.036614 -0.000568 -0.041878 -0.013514 0.330530
0.002855 -0.036934 -0.001314 -0.043776 -0.013506 0.344024
0.003556 -0.038384 -0.001774 -0.046251 -0.013467 0.352285
0.002042 -0.041144 -0.002735 -0.052082 -0.013398 0.370312
0.001079 -0.041292 -0.002159 -0.051171 -0.013431 0.388042
0.001322 -0.042847 -0.002177 -0.052768 -0.013460 0.412876
0.001659 -0.045326 -0.001930 -0.054516 -0.013469 0.444764
0.000585 -0.045567 -0.001932 -0.054817 -0.013517 0.469873
-0.000409 -0.046286 -0.001624 -0.054644 -0.013606 0.509342
-0.001962 -0.047640 -0.001617 -0.055170 -0.013765 0.548192
-0.002679 -0.050537 -0.001097 -0.055859 -0.013888 0.577267
-0.002180 -0.051533 -0.000056 -0.053638 -0.014045 0.603942
-0.001600 -0.049637 -0.000694 -0.053717 -0.014079 0.608860
-0.001020 -0.050754 -0.000580 -0.055034 -0.013941 0.577455
-0.000791 -0.050478 0.000314 -0.052348 -0.014001 0.580158
-0.000181 -0.048429 0.000425 -0.049972 -0.013968 0.578991
0.000126 -0.048025 0.001189 -0.047862 -0.014067 0.590649
0.000277 -0.047318 0.002054 -0.044695 -0.014025 0.583976
0.000320 -0.044955 0.002955 -0.040138 -0.014207 0.617088
0.000376 -0.042499 0.001837 -0.040437 -0.014282 0.634199
0.000357 -0.039821 0.000647 -0.040397 -0.014256 0.618560
-0.000023 -0.034931 0.000202 -0.036344 -0.014496 0.670361
0.000091 -0.030816 -0.001022 -0.035962 -0.014615 0.681701
-0.000051 -0.025898 -0.001694 -0.032773 -0.014444 0.667027
0.000511 -0.020564 -0.001576 -0.027400 -0.014566 0.672886
-0.000230 -0.016447 -0.000969 -0.021933 -0.014572 0.670051
-0.000310 -0.012858 0.000417 -0.013944 -0.014680 0.678766
-0.000315 -0.012037 -0.000199 -0.014540 -0.014938 0.710790
-0.000500 -0.010351 0.000351 -0.010906 -0.015437 0.762811
-0.000340 -0.008107 -0.000479 -0.010383 -0.016153 0.834580
-0.000422 -0.007434 -0.000711 -0.010295 -0.016297 0.844042
-0.000451 -0.006615 -0.000033 -0.007355 -0.016684 0.869972
-0.000773 -0.005163 0.000239 -0.005226 -0.016573 0.861309
-0.000587 -0.003235 0.000514 -0.003157 -0.016793 0.875978
-0.000467 -0.001778 0.000213 -0.002383 -0.017088 0.891284
0.000148 -0.001481 0.000360 -0.002018 -0.016794 0.871455
0.000271 -0.001430 0.000124 -0.002125 -0.016818 0.871530
0.000122 -0.001470 0.000089 -0.002211 -0.017255 0.898802
-0.001866 -0.000935 -0.000474 -0.002429 -0.017360 0.910365
-0.003084 -0.000886 -0.000935 -0.003085 -0.017832 0.942231
-0.002495 -0.001215 -0.000311 -0.002580 -0.017835 0.940121
0.000271 -0.000741 0.000300 -0.001375 -0.017777 0.930555
0.002187 -0.001251 0.001129 -0.001349 -0.017892 0.933357
0.001192 -0.000735 0.001665 -0.000695 -0.018203 0.954465
0.000175 -0.001694 0.002680 -0.000894 -0.018034 0.947618
0.000972 -0.001425 0.002638 -0.000774 -0.018548 0.976811
0.002537 -0.001134 0.001098 -0.001406 -0.018391 0.964094
0.004247 -0.000934 0.000351 -0.002041 -0.019154 1.008126
0.003129 -0.000908 -0.000577 -0.003220 -0.019635 1.044903
0.000478 -0.000240 -0.000601 -0.002705 -0.019328 1.031379
-0.001632 -0.000502 -0.000012 -0.001854 -0.019930 1.077585
-0.002848 -0.000675 0.000035 -0.001940 -0.020337 1.107594
-0.002441 -0.000758 0.000450 -0.001546 -0.020295 1.104040
-0.001531 -0.000678 0.000934 -0.000860 -0.020476 1.114981
-0.000755 -0.000505 0.000526 -0.001181 -0.020810 1.135944
-0.000261 -0.000630 0.000628 -0.001323 -0.020579 1.120541
-0.000001 -0.001235 -0.001014 -0.004607 -0.020235 1.101663
-0.000107 -0.000321 -0.000757 -0.003130 -0.019532 1.057719
-0.000681 -0.000917 -0.000323 -0.003134 -0.019761 1.076216
0.000133 -0.000476 -0.000064 -0.001997 -0.019639 1.064419
0.001637 -0.000579 0.000097 -0.001901 -0.019747 1.065898
0.001689 -0.000591 0.000792 -0.001005 -0.020364 1.105856
0.001354 -0.000364 0.000636 -0.000877 -0.019608 1.057477
0.000469 0.000173 0.000636 -0.000275 -0.019758 1.073036
0.001044 -0.000130 -0.000141 -0.001470 -0.019842 1.075396
0.001435 -0.000044 -0.000104 -0.001169 -0.018785 1.004365
0.001556 0.000145 -0.000128 -0.000990 -0.019605 1.055576
0.000348 0.000324 -0.000099 -0.000794 -0.019610 1.057176
0.000047 0.000581 -0.001957 -0.002985 -0.020055 1.089787
0.000680 0.001138 -0.000538 -0.000467 -0.019973 1.080523
0.001635 0.000913 -0.001187 -0.001565 -0.019133 1.021307
0.001904 0.001574 -0.001206 -0.000549 -0.019372 1.033670
0.000029 0.001620 0.000347 0.000822 -0.019364 1.039264
-0.001113 0.000995 0.000366 0.000236 -0.019353 1.042785
-0.004909 0.000721 0.001739 0.000697 -0.018537 1.001603
-0.006071 0.000523 0.001743 0.000482 -0.018608 1.008669
-0.000620 0.000189 0.000142 -0.000700 -0.018939 1.010847
0.004985 -0.000058 -0.000340 -0.001547 -0.018523 0.967375
0.005145 -0.000169 -0.000576 -0.002314 -0.019087 1.007264
0.000325 0.000075 -0.000112 -0.001539 -0.019495 1.050884
-0.003506 0.000349 -0.000590 -0.001464 -0.020869 1.148814
-0.000758 0.000326 0.001033 0.000257 -0.020776 1.130677
0.001941 -0.000144 0.001023 -0.000339 -0.020326 1.089444
0.001732 -0.000003 0.000537 -0.000660 -0.020367 1.093354
-0.000796 -0.000114 -0.000427 -0.002286 -0.020605 1.119971
-0.003819 -0.000245 -0.000258 -0.001805 -0.020493 1.122107
-0.002504 -0.000218 0.000660 -0.000563 -0.020484 1.113169
0.000063 -0.000326 0.000922 -0.000563 -0.020328 1.095148
0.001906 -0.000445 0.000436 -0.001431 -0.019931 1.064397
0.001761 -0.000480 -0.000144 -0.002346 -0.019890 1.063048
0.001235 0.000143 -0.002031 -0.004027 -0.019791 1.060803
0.001049 0.000960 -0.001335 -0.001982 -0.019588 1.050539
0.000689 0.000628 -0.000604 -0.001626 -0.019501 1.047722
0.000167 0.000272 -0.000665 -0.002221 -0.019283 1.035015
-0.000197 0.000288 -0.000654 -0.002267 -0.019615 1.060589
0.000449 0.000306 -0.000346 -0.001684 -0.019733 1.065133
0.001635 0.000501 -0.001227 -0.002584 -0.019544 1.048089
0.001524 0.001311 -0.001168 -0.001246 -0.019240 1.029473
0.000095 0.000558 -0.000117 -0.000921 -0.019158 1.025213
-0.001129 0.001235 0.000850 0.000678 -0.018863 1.009005
0.000143 0.000403 -0.000516 -0.001875 -0.018823 1.003502
0.002769 0.000493 -0.000970 -0.001999 -0.018734 0.992152
0.003888 0.000261 -0.000052 -0.001145 -0.018762 0.991964
0.002062 0.000912 -0.000370 -0.000612 -0.018825 1.001230
-0.000515 0.000897 -0.002150 -0.002888 -0.018249 0.974518
-0.000134 0.000487 -0.000008 -0.000647 -0.018181 0.968375
0.001017 0.000238 0.000654 -0.000363 -0.018068 0.954222
0.001325 0.000487 0.000761 -0.000076 -0.017920 0.945591
0.000584 0.000485 0.000708 -0.000144 -0.017936 0.950989
0.000645 0.000336 -0.000137 -0.000817 -0.017560 0.927541
0.000431 0.000385 -0.000781 -0.001669 -0.017734 0.939673
0.000616 0.000877 0.000037 -0.000050 -0.017360 0.914485
-0.000388 0.000896 0.000558 0.000247 -0.017716 0.938946
-0.000830 0.001105 -0.000030 0.000028 -0.017409 0.922483
-0.001749 0.000734 0.000419 0.000035 -0.017556 0.933051
-0.000745 0.000952 0.000495 0.000298 -0.017639 0.932952
-0.000435 -0.000028 0.000906 -0.000381 -0.017702 0.935978
-0.000088 0.000224 0.000948 -0.000123 -0.016926 0.886648
0.000557 0.000373 0.000267 -0.000365 -0.016797 0.876318
0.000060 -0.000331 -0.000210 -0.001568 -0.016332 0.841896
0.000400 -0.000524 0.000488 -0.001265 -0.015812 0.795377
0.001061 -0.002412 -0.000196 -0.003201 -0.015556 0.766414
0.001669 -0.004606 0.002342 -0.003007 -0.015344 0.740983
0.000955 -0.007572 0.001840 -0.004980 -0.014901 0.703593
0.000660 -0.011565 0.001467 -0.009556 -0.014671 0.684410
-0.000075 -0.013403 0.001756 -0.011187 -0.014426 0.656039
0.000188 -0.014904 0.001027 -0.014566 -0.014367 0.647978
-0.000324 -0.017731 0.001713 -0.015847 -0.014371 0.646275
-0.000202 -0.022075 0.002743 -0.017740 -0.014394 0.643414
-0.000135 -0.024272 0.002127 -0.021342 -0.014378 0.648128
-0.001229 -0.027507 0.000101 -0.029500 -0.014058 0.611764
-0.001811 -0.030309 -0.002367 -0.039408 -0.013800 0.581894
-0.002126 -0.032503 -0.002946 -0.043112 -0.013757 0.576500
-0.001305 -0.034611 -0.002749 -0.045007 -0.013590 0.518874
-0.001246 -0.039865 -0.001403 -0.046934 -0.013620 0.504025
-0.001679 -0.043009 -0.000014 -0.046026 -0.013664 0.488803
-0.001470 -0.045681 -0.002033 -0.055067 -0.013546 0.482248
-0.000095 -0.045356 -0.003077 -0.057181 -0.013448 0.474614
0.000352 -0.046261 -0.004654 -0.061746 -0.013346 0.458629
0.000890 -0.045784 -0.002952 -0.057507 -0.013402 0.436366
0.002356 -0.048022 -0.001308 -0.056010 -0.013452 0.420574
0.001431 -0.048354 -0.000289 -0.053593 -0.013469 0.397643
0.000395 -0.048087 -0.000594 -0.054679 -0.013481 0.381224
-0.000119 -0.047312 -0.000494 -0.053541 -0.013507 0.386367
-0.002035 -0.049446 -0.004040 -0.064909 -0.013203 0.416365
-0.003666 -0.050176 -0.005047 -0.067240 -0.013068 0.443994
-0.001430 -0.051091 -0.002283 -0.061511 -0.013319 0.460911
0.002149 -0.051239 0.001488 -0.051133 -0.013571 0.435552
0.003071 -0.050863 0.002949 -0.046994 -0.013673 0.438465
0.003723 -0.050970 0.001557 -0.050361 -0.013599 0.454309
0.002816 -0.049445 0.000874 -0.050761 -0.013562 0.460408
0.002911 -0.048266 0.000318 -0.050868 -0.013551 0.468516
0.002338 -0.047602 0.000340 -0.050074 -0.013589 0.466861
0.001641 -0.048270 0.002543 -0.044789 -0.013736 0.504912
0.001752 -0.043586 0.000531 -0.045182 -0.013649 0.486890
-0.001125 -0.041171 -0.003671 -0.053818 -0.013467 0.511648
-0.003186 -0.038794 -0.004440 -0.052658 -0.013606 0.560886
-0.002499 -0.034472 -0.001519 -0.041041 -0.013980 0.592651
-0.001011 -0.031946 -0.000022 -0.034357 -0.013923 0.554979
-0.000527 -0.029076 -0.001570 -0.036099 -0.013910 0.563147
-0.001122 -0.025025 -0.001970 -0.033006 -0.013748 0.523659
0.000001 -0.019709 -0.003173 -0.030203 -0.013930 0.577927
-0.000051 -0.015558 -0.002261 -0.023625 -0.014057 0.594489
0.000208 -0.013358 -0.002066 -0.020614 -0.014074 0.602273
0.000170 -0.009769 -0.002728 -0.017975 -0.014020 0.610987
0.001654 -0.008286 -0.002183 -0.014616 -0.014153 0.627469
0.001244 -0.006662 -0.000585 -0.008886 -0.014571 0.678894
0.000046 -0.005740 -0.000169 -0.006520 -0.014894 0.708136
0.000005 -0.004047 0.000906 -0.003218 -0.014958 0.709696
0.000790 -0.002641 -0.002137 -0.005787 -0.014677 0.686291
0.000859 -0.001998 -0.003508 -0.007700 -0.015170 0.738906
-0.001318 -0.001478 -0.002983 -0.004969 -0.015144 0.734401
-0.001608 -0.000650 0.000592 -0.001273 -0.015169 0.730993
0.000121 -0.000037 0.002665 0.000324 -0.015183 0.731044
0.000828 0.000318 -0.000117 -0.000809 -0.015523 0.769969
0.003738 0.000061 -0.002616 -0.002952 -0.015751 0.791430
0.006614 -0.000441 0.000299 -0.001347 -0.015782 0.782987
0.004293 -0.000163 0.000320 -0.001085 -0.015710 0.785342
-0.000040 -0.000084 0.001163 -0.000577 -0.015744 0.799736
-0.002590 0.000025 -0.001786 -0.002081 -0.015761 0.808528
-0.003078 -0.000233 -0.004016 -0.005018 -0.015981 0.834580
-0.001359 -0.000816 -0.001974 -0.003591 -0.015788 0.806209
-0.001776 -0.000468 -0.000903 -0.002100 -0.015699 0.797354
-0.003373 -0.000036 -0.000703 -0.001539 -0.015805 0.812397
-0.004062 0.000442 -0.000190 -0.000691 -0.016321 0.858251
-0.001466 -0.000060 -0.001927 -0.002904 -0.016374 0.857359
0.002304 -0.000451 -0.001458 -0.003273 -0.017010 0.894169
0.002583 -0.000129 0.000343 -0.001042 -0.016177 0.837948
-0.000913 0.000154 0.000699 -0.000562 -0.015741 0.799187
-0.005288 0.000455 0.000036 -0.000573 -0.015910 0.821222
-0.002100 0.000417 0.001624 0.000201 -0.016225 0.849528
0.000634 0.000116 0.001603 0.000046 -0.016882 0.889451
0.003307 0.000174 0.002683 0.000586 -0.017117 0.898775
0.004152 0.000301 0.003029 0.000728 -0.016568 0.860145
0.001561 0.000320 0.000834 -0.000173 -0.016840 0.882774
0.000225 0.000963 -0.000123 -0.000142 -0.017163 0.904667
-0.002211 0.000942 -0.000087 -0.000171 -0.016615 0.874571
-0.003357 0.000665 -0.000816 -0.000825 -0.016822 0.889597
-0.002072 0.000942 0.000874 0.000433 -0.016834 0.886882
-0.001187 0.000661 0.003093 0.001410 -0.016899 0.890169
-0.000814 0.000555 0.003776 0.001926 -0.016964 0.894980
-0.002576 -0.000003 0.001602 -0.000024 -0.017038 0.899085
-0.004869 -0.000415 0.000938 -0.000687 -0.016929 0.895852
-0.004124 -0.000486 0.001122 -0.000662 -0.017108 0.907170
0.001633 0.000670 0.000641 0.000154 -0.017899 0.940315
0.007670 0.000481 -0.001214 -0.001300 -0.017702 0.918087
0.008019 0.000895 -0.000668 -0.000480 -0.017937 0.932759
0.002650 0.001227 0.000042 0.000194 -0.017663 0.926270
-0.002118 0.000785 -0.000353 -0.000454 -0.017007 0.893758
-0.001873 0.000462 -0.000053 -0.000564 -0.016870 0.883939
-0.000425 0.000719 -0.000889 -0.000995 -0.016349 0.843250
-0.000020 0.002487 -0.002277 -0.000267 -0.016379 0.846307
-0.000035 0.006467 -0.002311 0.001692 -0.016067 0.819874
0.000061 0.008914 -0.000849 0.006795 -0.015965 0.826762
0.001284 0.011731 -0.000219 0.010995 -0.015685 0.817935
-0.000226 0.014084 0.000633 0.015059 -0.015414 0.806895
-0.001787 0.016486 0.001700 0.019474 -0.015233 0.808158
-0.001921 0.018692 0.000536 0.018980 -0.015151 0.807675
-0.000604 0.023022 -0.000169 0.021045 -0.015400 0.844114
0.000552 0.026933 0.000921 0.026442 -0.015607 0.874411
-0.000216 0.029623 0.000947 0.028991 -0.016002 0.906626
0.000817 0.031405 0.001213 0.031240 -0.015475 0.877981
0.002582 0.029927 0.000876 0.029773 -0.015083 0.843092
0.009407 0.028826 0.002103 0.030229 -0.014895 0.829588
0.009387 0.030557 0.000579 0.028772 -0.014498 0.786843
0.006639 0.030694 -0.001208 0.025433 -0.015406 0.854979
0.001244 0.028788 -0.003262 0.020571 -0.015239 0.835227
0.001174 0.026172 -0.001525 0.021326 -0.015765 0.872155
0.002926 0.024155 0.001358 0.025570 -0.015509 0.859458
0.002870 0.019834 0.002803 0.023998 -0.016174 0.899428
-0.000149 0.018240 -0.000066 0.017093 -0.015945 0.871920
-0.004735 0.018085 -0.003303 0.011226 -0.016124 0.877277
-0.000633 0.016281 0.000492 0.016875 -0.016246 0.889623
0.001196 0.015672 -0.000036 0.014667 -0.016923 0.923354
0.004398 0.014128 -0.000734 0.011704 -0.017135 0.923676
0.003607 0.012401 0.002178 0.016229 -0.016855 0.918270
-0.003202 0.009925 0.003319 0.016331 -0.015740 0.862053
-0.009756 0.006660 -0.000669 0.004242 -0.016586 0.905424
-0.008328 0.002509 -0.000410 0.000459 -0.017199 0.932140
0.000094 0.000587 -0.002144 -0.002718 -0.017430 0.922215
0.002738 0.000089 -0.003322 -0.004908 -0.017620 0.926094
0.003853 0.000428 -0.004263 -0.005494 -0.017816 0.935786
0.001499 -0.000150 -0.004827 -0.007400 -0.017588 0.928262
0.000043 -0.000039 -0.003471 -0.005343 -0.017686 0.935670
-0.001543 -0.000473 -0.002053 -0.004528 -0.018067 0.966101
-0.000859 -0.000944 -0.001525 -0.004704 -0.018333 0.981258
-0.000379 -0.001570 -0.001610 -0.005786 -0.018900 1.016583
0.000814 -0.001553 -0.001234 -0.005325 -0.019429 1.042710
0.001646 -0.000615 -0.000865 -0.003810 -0.019930 1.070076
0.001744 -0.000503 -0.001051 -0.003852 -0.019709 1.058809
0.000936 -0.000438 -0.000978 -0.003852 -0.019678 1.063403
0.000188 -0.000091 -0.000609 -0.002876 -0.018941 1.016903
0.000090 0.000349 -0.000111 -0.001146 -0.018830 1.004905
0.000341 0.000367 0.000182 -0.000565 -0.019537 1.044424
0.000213 0.000387 -0.000174 -0.001242 -0.019194 1.025286
-0.000672 0.000331 -0.000171 -0.001222 -0.018843 1.011483
-0.001431 0.000169 -0.000330 -0.001690 -0.018820 1.014808
-0.000951 0.000171 0.000181 -0.000859 -0.018676 1.004074
0.001378 0.000523 -0.000360 -0.000870 -0.018050 0.958796
0.002718 0.000374 0.000360 -0.000421 -0.018070 0.950583
0.001294 0.000306 -0.000311 -0.000995 -0.018081 0.952201
0.000012 0.000191 -0.000112 -0.001161 -0.018499 0.981750
-0.000506 0.000887 0.000051 -0.000144 -0.018628 0.992736
-0.000960 0.001511 0.000332 0.000563 -0.018969 1.016242
0.000554 0.001871 0.000796 0.001361 -0.019421 1.041570
0.000810 0.002572 0.001753 0.003419 -0.018822 1.007678
0.001403 0.002821 0.001429 0.003126 -0.018918 1.020291
-0.000330 0.003653 0.000714 0.003715 -0.017630 0.941790
-0.000040 0.002405 0.000425 0.001579 -0.018237 0.971751
-0.000319 0.001917 -0.000067 0.000525 -0.019131 1.027220
0.000246 0.001717 0.000165 0.000614 -0.018528 0.985767
0.000749 0.001299 -0.000014 0.000212 -0.018121 0.958337
0.000913 0.001365 -0.000033 0.000302 -0.018149 0.956874
0.000235 0.001069 -0.000169 -0.000089 -0.018065 0.953790
0.000168 0.000966 0.000122 0.000158 -0.017824 0.940781
0.002002 0.001161 -0.000068 0.000164 -0.017446 0.918828
0.004551 0.000963 -0.001770 -0.001262 -0.017489 0.917219
0.002372 0.000266 -0.001023 -0.001608 -0.017312 0.911634
0.000496 -0.000378 0.000526 -0.000989 -0.017916 0.950301
-0.000965 -0.001351 0.000696 -0.001935 -0.018263 0.972775
-0.000790 -0.001425 0.000752 -0.002015 -0.018238 0.971717
-0.000407 -0.000996 0.001634 -0.001045 -0.018223 0.968356
-0.000010 -0.000658 0.000634 -0.001196 -0.017774 0.941921
0.000211 -0.000400 0.001482 -0.000497 -0.017283 0.912258
0.000350 -0.000455 0.000066 -0.001645 -0.018344 0.972156
0.000828 -0.000640 -0.000400 -0.003030 -0.018549 0.986612
0.001002 -0.001225 -0.000126 -0.002975 -0.017870 0.943320
0.000653 -0.002419 -0.000689 -0.005035 -0.017633 0.931588
0.000095 -0.002650 -0.002168 -0.007238 -0.017210 0.911853
0.001434 -0.001779 -0.001190 -0.004912 -0.017560 0.928890
0.000758 -0.000901 -0.000809 -0.003477 -0.017380 0.920989
-0.000146 -0.000319 -0.001212 -0.003153 -0.017494 0.930661
-0.001374 -0.000109 -0.002405 -0.003973 -0.017144 0.908799
-0.001056 0.000965 -0.001635 -0.001601 -0.017526 0.928567
-0.000395 0.000700 -0.000857 -0.001386 -0.017931 0.951962
0.000077 0.001104 -0.001326 -0.001185 -0.017850 0.944394
0.000287 0.001638 -0.001189 -0.000249 -0.017365 0.913390
-0.000064 0.002539 -0.001254 0.000370 -0.017398 0.917157
0.000043 0.004547 -0.000429 0.002527 -0.016930 0.887481
0.000098 0.006834 -0.000152 0.006210 -0.016447 0.863873
-0.000160 0.008394 0.000221 0.009341 -0.015773 0.821231
-0.000940 0.008918 0.000364 0.010169 -0.015644 0.815650
-0.000097 0.009152 0.000545 0.010749 -0.015460 0.802180
-0.000082 0.008784 -0.000987 0.007042 -0.015041 0.749927
-0.000055 0.009072 -0.000791 0.008089 -0.014675 0.712685
0.000670 0.008066 -0.000297 0.008370 -0.014434 0.689215
0.000995 0.007175 -0.000287 0.007735 -0.014175 0.662599
0.000798 0.005605 0.000057 0.006651 -0.014221 0.659087
0.000802 0.004641 0.000121 0.006078 -0.013963 0.610380
0.001170 0.002630 0.001202 0.005423 -0.013897 0.550622
-0.000708 0.002249 0.000305 0.003519 -0.013850 0.538366
-0.001024 0.001830 -0.000325 0.002344 -0.013773 0.497773
-0.000885 0.001418 -0.000571 0.001845 -0.013697 0.471344
-0.000893 0.000932 -0.000787 0.001086 -0.013750 0.459091
-0.000160 -0.000361 0.000839 0.001785 -0.013845 0.454327
-0.000004 -0.000781 0.001232 0.002856 -0.013848 0.456437
-0.002100 0.002903 0.000748 0.004091 -0.014081 0.525495
-0.001457 -0.019695 0.000335 -0.018146 -0.014326 0.543852
-0.000884 -0.017193 0.000409 -0.016526 -0.014115 0.508352
-0.000061 -0.010925 0.000094 -0.012782 -0.013791 0.425886
0.000098 -0.011233 -0.000165 -0.012988 -0.013785 0.438583
0.000232 -0.010100 0.000117 -0.011089 -0.013738 0.410852
0.000609 -0.008934 0.001384 -0.006727 -0.013863 0.405910
0.002235 -0.005912 0.001396 -0.002706 -0.013974 0.352162
0.001963 -0.003769 0.000308 -0.001692 -0.013949 0.340021
0.000316 -0.003657 0.000201 -0.001922 -0.013952 0.315287
-0.000623 -0.002582 -0.001320 -0.002797 -0.013917 0.273356
-0.000115 -0.002913 -0.001978 -0.004608 -0.013906 0.252350
0.000480 -0.002520 -0.001609 -0.002896 -0.014000 0.226548
0.000695 -0.002678 -0.000121 -0.000875 -0.014014 0.226374
0.000635 -0.003597 0.000114 -0.001935 -0.013986 0.221875
0.000673 -0.003591 -0.000249 -0.003039 -0.013935 0.203859
0.000501 -0.005726 -0.001588 -0.009468 -0.013753 0.198486
0.000530 -0.007777 -0.001774 -0.013391 -0.013622 0.214957
0.000174 -0.006780 -0.000953 -0.010725 -0.013703 0.214735
-0.000338 -0.005212 -0.000348 -0.006513 -0.013802 0.197322
-0.000027 -0.004008 -0.000553 -0.004676 -0.013863 0.195043
0.000144 -0.002489 -0.000219 -0.000915 -0.014019 0.199016
0.000693 -0.001612 -0.000168 0.000581 -0.014070 0.185061
0.000390 -0.001049 -0.000338 0.001282 -0.014109 0.171479
0.000253 -0.000353 -0.000265 0.002555 -0.014114 0.153705
0.000503 -0.000503 -0.000703 0.001875 -0.014149 0.142143
0.000089 0.000457 -0.000663 0.003355 -0.014094 0.145492
0.000221 0.001069 -0.000660 0.004194 -0.014090 0.149637
0.000664 0.000488 -0.000287 0.003804 -0.014120 0.152110
0.001033 0.000240 -0.000357 0.003402 -0.014148 0.148589
0.000458 0.000583 -0.000856 0.003212 -0.014109 0.157556
-0.000035 -0.000583 -0.000915 0.001078 -0.014099 0.169427
0.000748 -0.000017 -0.001074 0.002313 -0.014097 0.135081
0.000534 -0.000283 -0.001025 0.001630 -0.014051 0.149826
0.000341 0.000324 -0.000717 0.003456 -0.014020 0.134684
0.000676 0.001449 -0.000577 0.005180 -0.014061 0.132169
0.000374 0.003024 -0.000288 0.008004 -0.013880 0.137284
0.000548 0.003359 0.000424 0.009605 -0.013824 0.151193
0.000700 0.003652 0.000378 0.009983 -0.013868 0.142687
0.000313 0.003423 -0.000210 0.008531 -0.013885 0.146078
0.000282 0.002878 -0.000405 0.007327 -0.013935 0.153050
0.000299 0.002267 -0.000404 0.006409 -0.013978 0.150666
0.000236 0.002098 -0.000647 0.005791 -0.014021 0.143986
0.000253 0.001556 -0.000700 0.005003 -0.014073 0.135670
0.000206 0.001373 -0.000628 0.004802 -0.014073 0.138942
0.000210 0.001175 -0.000679 0.004444 -0.014079 0.139003
0.000262 0.001059 -0.000637 0.004355 -0.014086 0.137545
0.000203 0.000953 -0.000688 0.004124 -0.014087 0.138788
0.000211 0.000922 -0.000716 0.004045 -0.014088 0.138625
0.000213 0.000905 -0.000718 0.004029 -0.014088 0.137668
0.000160 0.001007 -0.000757 0.004113 -0.014077 0.138097
0.000209 0.001316 -0.000704 0.004581 -0.014054 0.142719
0.000277 0.001493 -0.000372 0.005200 -0.014025 0.149088
0.000371 0.001235 -0.000113 0.005042 -0.014007 0.158896
0.000453 0.001989 0.000066 0.006713 -0.013907 0.154439
0.000688 0.001937 0.000348 0.006932 -0.013793 0.186966
0.000921 0.001683 0.000389 0.006376 -0.013763 0.226335
0.000858 -0.000455 -0.000320 0.001697 -0.013866 0.235700
0.000722 -0.001703 -0.001717 -0.002497 -0.013816 0.239593
0.000354 -0.001428 -0.002002 -0.001927 -0.013852 0.224780
0.000188 -0.000883 -0.002039 -0.000840 -0.013869 0.204259
0.000158 -0.000092 -0.001562 0.001132 -0.013989 0.176500
0.000136 0.000502 -0.001056 0.002848 -0.014073 0.149118
0.000163 0.000741 -0.000859 0.003553 -0.014091 0.143075
0.000182 0.001113 -0.000733 0.004320 -0.014104 0.138921
0.000097 0.001204 -0.000606 0.004613 -0.014070 0.141842
0.000077 0.000965 -0.000525 0.004314 -0.014069 0.148345
-0.000017 0.000882 -0.000606 0.004030 -0.014049 0.150673
0.000020 0.000263 -0.000937 0.002607 -0.014052 0.157643
0.000054 0.000291 -0.001107 0.002310 -0.014049 0.169242
-0.000092 0.000423 -0.001083 0.002565 -0.014077 0.166961
-0.000059 0.000958 -0.000815 0.003979 -0.014127 0.139648
-0.000096 0.001326 -0.000768 0.004652 -0.014133 0.133897
-0.000069 0.001137 -0.000853 0.004198 -0.014138 0.139749
-0.000021 0.001481 -0.000863 0.004655 -0.014100 0.140653
0.000013 0.001722 -0.000880 0.004908 -0.014090 0.144878
0.000079 0.001673 -0.000827 0.004912 -0.014064 0.145188
0.000204 0.001604 -0.000813 0.004867 -0.014048 0.141559
0.000150 0.001654 -0.000880 0.004822 -0.014042 0.142620
0.000263 0.000617 -0.000925 0.003354 -0.014107 0.139102
0.000429 -0.000993 -0.001246 0.000294 -0.014133 0.143470
0.000327 -0.000813 -0.001517 0.000233 -0.014090 0.160689
0.000239 -0.002442 -0.001672 -0.003094 -0.014039 0.177040
0.000173 -0.005217 -0.001095 -0.006925 -0.013986 0.184067
0.000149 -0.005188 -0.001460 -0.007588 -0.014017 0.158988
0.000110 -0.006277 -0.002043 -0.010815 -0.013886 0.166739
0.000540 -0.009244 -0.002074 -0.015509 -0.013753 0.200151
0.000292 -0.011784 -0.001522 -0.018015 -0.013693 0.219527
0.000398 -0.013766 -0.001522 -0.020222 -0.013719 0.245738
0.000179 -0.015439 -0.001480 -0.021837 -0.013684 0.267952
0.000239 -0.015192 -0.000380 -0.018910 -0.013763 0.259234
0.000585 -0.011731 0.000341 -0.012896 -0.013856 0.223911
0.001295 -0.010765 0.000861 -0.010177 -0.013903 0.239449
0.001331 -0.011783 -0.000422 -0.014475 -0.013803 0.270958
0.001580 -0.015065 -0.000525 -0.018356 -0.013752 0.256455
0.000348 -0.016001 -0.001109 -0.020766 -0.013755 0.231857
-0.000676 -0.016324 -0.000465 -0.019570 -0.013827 0.227223
-0.001028 -0.017305 -0.000044 -0.019472 -0.013829 0.223050
-0.001117 -0.020572 0.000097 -0.022359 -0.013819 0.240218
-0.001332 -0.022752 -0.000805 -0.026649 -0.013738 0.237954
-0.002564 -0.024232 -0.000730 -0.027442 -0.013690 0.238702
-0.001995 -0.026235 -0.000163 -0.028091 -0.013712 0.245252
-0.001126 -0.027551 0.000863 -0.027204 -0.013835 0.258088
-0.002309 -0.030074 0.000687 -0.029933 -0.013723 0.267034
-0.003012 -0.033543 0.000330 -0.034691 -0.013656 0.295943
-0.001583 -0.036149 0.000375 -0.037615 -0.013681 0.313007
0.000288 -0.037885 -0.000234 -0.041873 -0.013692 0.332051
0.000833 -0.039576 -0.000737 -0.045599 -0.013663 0.331069
0.000980 -0.042293 -0.000855 -0.048989 -0.013634 0.341577
0.001137 -0.046721 -0.000136 -0.051320 -0.013588 0.358005
0.001971 -0.049984 0.000353 -0.052942 -0.013505 0.367179
0.002837 -0.050753 -0.000055 -0.055232 -0.013500 0.387549
0.002227 -0.049948 0.000062 -0.054314 -0.013529 0.383253
0.000225 -0.049474 -0.000049 -0.053720 -0.013509 0.381081
0.000054 -0.051711 0.001353 -0.052188 -0.013560 0.412679
-0.000826 -0.050240 0.001030 -0.051356 -0.013565 0.404979
-0.001513 -0.050244 -0.000205 -0.054835 -0.013470 0.413852
-0.003044 -0.053294 0.000574 -0.055581 -0.013485 0.446584
-0.003373 -0.054256 0.001133 -0.054832 -0.013539 0.483603
-0.002107 -0.055568 0.000909 -0.056521 -0.013566 0.508230
-0.002273 -0.055128 0.000043 -0.058057 -0.013436 0.492014
-0.001662 -0.052544 0.000138 -0.054436 -0.013659 0.554543
-0.000265 -0.050303 -0.000070 -0.053009 -0.013908 0.590796
0.001412 -0.045984 0.000775 -0.046415 -0.014269 0.622620
0.001590 -0.040511 -0.000266 -0.043162 -0.014740 0.694425
0.000670 -0.032555 -0.000708 -0.036732 -0.015369 0.759705
0.001620 -0.026653 -0.000763 -0.031067 -0.015637 0.788697
0.001704 -0.021145 0.000005 -0.023356 -0.015545 0.784703
0.000538 -0.016238 -0.000073 -0.018551 -0.015500 0.789339
0.001430 -0.015930 0.000001 -0.017555 -0.015967 0.836283
0.003052 -0.015458 -0.000408 -0.017762 -0.016229 0.855250
0.004225 -0.014709 -0.001024 -0.018638 -0.016409 0.859150
0.003093 -0.014541 -0.002162 -0.021369 -0.016236 0.852436
0.000532 -0.013288 -0.003290 -0.023151 -0.016259 0.858156
0.000061 -0.010291 -0.003303 -0.019730 -0.017146 0.912260
0.000181 -0.006638 -0.002884 -0.014391 -0.018083 0.966313
0.000391 -0.002540 -0.002766 -0.008644 -0.018870 1.012797
-0.000927 -0.000730 -0.000227 -0.002793 -0.018769 1.008036
-0.000870 -0.001337 0.000060 -0.003146 -0.018992 1.023936
-0.000031 -0.003134 -0.000268 -0.005306 -0.019379 1.048356
0.000113 -0.004237 -0.000011 -0.005524 -0.019146 1.035848
0.000706 -0.004349 -0.001032 -0.007698 -0.019807 1.078419
0.000729 -0.002973 -0.000465 -0.005498 -0.020193 1.104549
0.000072 -0.004536 -0.001187 -0.007680 -0.020887 1.148767
-0.002074 -0.004056 -0.000052 -0.005025 -0.020697 1.139692
-0.003661 -0.003397 -0.000576 -0.005222 -0.020733 1.145097
-0.002204 -0.002468 -0.000172 -0.004098 -0.021573 1.188621
0.000592 -0.000737 0.000123 -0.002173 -0.022053 1.203049
0.001566 0.000104 -0.000452 -0.002115 -0.021654 1.178880
-0.000092 0.000288 -0.000181 -0.001520 -0.021455 1.173630
-0.001729 0.000300 -0.000103 -0.001275 -0.021070 1.156594
-0.001155 0.000084 -0.000110 -0.001660 -0.020938 1.148155
-0.000528 0.000116 0.000086 -0.001153 -0.021044 1.150619
0.000069 -0.000040 -0.000147 -0.001893 -0.021431 1.168154
0.000382 0.000177 -0.000064 -0.001358 -0.021457 1.167330
0.002000 0.000414 -0.000551 -0.001723 -0.021390 1.161330
0.002864 0.000617 -0.000984 -0.002093 -0.021098 1.145275
0.000845 0.000517 -0.000432 -0.001585 -0.020469 1.113085
-0.001145 0.000804 -0.000757 -0.001524 -0.020722 1.132480
-0.000991 0.000470 0.000014 -0.000684 -0.020886 1.140597
0.001627 0.000379 -0.000182 -0.001139 -0.020309 1.103995
0.002368 0.000411 0.000322 -0.000359 -0.020372 1.101674
0.001766 0.000180 0.000670 -0.000204 -0.020854 1.132849
-0.001786 0.000113 -0.000698 -0.002212 -0.021168 1.157634
-0.003050 0.000195 -0.000154 -0.001151 -0.021227 1.161124
-0.001437 0.000589 -0.000750 -0.001795 -0.021198 1.155509
0.001239 -0.000008 -0.001347 -0.003555 -0.020899 1.132440
0.001671 -0.000051 -0.000852 -0.002945 -0.020817 1.127906
0.000859 -0.000086 -0.001209 -0.003549 -0.020934 1.135244
-0.000295 -0.000209 -0.000699 -0.003042 -0.021091 1.148753
-0.000877 -0.000270 0.000911 -0.000466 -0.021174 1.154902
0.000474 -0.000621 0.000621 -0.001518 -0.020949 1.141685
0.002507 -0.000411 0.001334 -0.000685 -0.020050 1.086894
0.001677 -0.000899 0.001427 -0.001144 -0.020166 1.095883
0.000183 -0.001665 0.001175 -0.002289 -0.020067 1.094527
-0.000284 -0.002344 -0.000087 -0.004454 -0.019747 1.075678
-0.000015 -0.002789 -0.000235 -0.005026 -0.020366 1.110108
0.000257 -0.002645 -0.000849 -0.006073 -0.020402 1.110114
0.001883 -0.002188 -0.002042 -0.007137 -0.020273 1.100865
0.002191 -0.002652 -0.001642 -0.007116 -0.019547 1.060407
0.000984 -0.002548 -0.001198 -0.006382 -0.020336 1.110148
-0.000080 -0.001893 -0.000559 -0.004938 -0.020288 1.108537
0.000124 -0.001558 -0.000577 -0.004596 -0.020813 1.138579
0.000416 -0.002045 -0.000828 -0.005144 -0.021129 1.156483
-0.000173 -0.001421 -0.000879 -0.004794 -0.020868 1.142367
0.000034 -0.001028 -0.001159 -0.004742 -0.020817 1.134156
0.000492 -0.000128 -0.000618 -0.002916 -0.021118 1.146390
0.001700 0.000468 -0.001199 -0.002821 -0.020864 1.128859
0.000528 0.000700 -0.000311 -0.001382 -0.020663 1.120280
0.000261 0.001072 0.000182 0.000177 -0.020732 1.125077
0.001149 0.000662 0.001372 0.000436 -0.020567 1.114331
0.001856 0.000565 0.000581 -0.000202 -0.020356 1.100341
0.001675 0.000733 0.001031 0.000336 -0.020541 1.112072
0.000154 0.001005 0.000963 0.000582 -0.020636 1.120535
-0.000867 0.000864 -0.000221 -0.000913 -0.020547 1.119799
-0.000789 0.001131 -0.000934 -0.001662 -0.020276 1.106005
0.000041 0.001028 -0.000254 -0.000736 -0.020483 1.114106
0.001299 0.000939 -0.000759 -0.001485 -0.019766 1.071123
0.002457 0.000703 -0.000389 -0.001181 -0.020111 1.090258
0.002937 0.000231 -0.000145 -0.001579 -0.020152 1.089285
0.002306 0.000371 0.000272 -0.000748 -0.020012 1.080609
0.000501 0.000426 0.000009 -0.001046 -0.019758 1.069664
-0.001467 -0.000027 0.000437 -0.000897 -0.020324 1.108413
-0.001848 -0.000488 -0.000425 -0.002934 -0.019611 1.069512
-0.001007 -0.001223 -0.002285 -0.006214 -0.019154 1.038127
-0.000509 -0.001204 -0.003207 -0.007457 -0.019408 1.052576
0.000908 -0.000592 -0.003740 -0.007302 -0.019670 1.064731
0.000828 -0.000585 -0.003193 -0.006485 -0.018840 1.009205
0.000887 -0.001021 -0.003390 -0.007318 -0.018698 1.001888
0.001879 -0.000967 -0.001315 -0.004657 -0.018914 1.011038
0.002090 -0.000899 -0.001685 -0.004938 -0.019040 1.019382
0.001294 -0.000823 -0.000327 -0.003006 -0.018305 0.971457
-0.004079 -0.001409 -0.000251 -0.003055 -0.017993 0.969717
-0.004411 -0.002272 -0.000721 -0.004361 -0.018210 0.981660
0.000281 -0.001696 0.000043 -0.003398 -0.019307 1.039904
0.005258 -0.002123 -0.000118 -0.003904 -0.019918 1.067895
0.004321 -0.001337 -0.000785 -0.004289 -0.019767 1.061539
0.001986 -0.001531 -0.001067 -0.005084 -0.019637 1.060322
0.001189 -0.001179 -0.000439 -0.004028 -0.019558 1.055139
0.001251 -0.000585 -0.000488 -0.003348 -0.020371 1.102272
0.003012 -0.000463 0.000288 -0.002018 -0.020346 1.099427
0.003428 -0.000060 0.000372 -0.001303 -0.020304 1.096490
0.000721 -0.000253 0.000407 -0.001440 -0.019422 1.049684
-0.001278 0.000152 0.000907 -0.000364 -0.019481 1.057377
-0.002921 -0.000013 0.000957 -0.000590 -0.018657 1.009018
-0.000574 -0.000228 -0.000113 -0.002072 -0.018900 1.017665
0.001221 0.000212 -0.000547 -0.002067 -0.019081 1.024378
0.001513 0.000094 -0.000842 -0.002715 -0.018695 1.001884
-0.000231 -0.000139 -0.000360 -0.002208 -0.018201 0.976802
-0.001137 -0.000115 -0.000294 -0.001654 -0.017748 0.946219
-0.000567 0.000393 -0.000056 -0.000703 -0.017330 0.914032
0.000630 0.000353 0.000962 -0.000195 -0.018171 0.966340
0.000491 0.000633 -0.000363 -0.000718 -0.017970 0.954616
0.000353 0.000155 -0.000589 -0.001748 -0.017974 0.957941
-0.000822 -0.000369 -0.001346 -0.003383 -0.017867 0.959935
-0.000020 -0.000058 -0.000610 -0.002026 -0.018007 0.965983
-0.000077 -0.000100 -0.000452 -0.001828 -0.017814 0.952848
-0.001010 0.000012 -0.001217 -0.002342 -0.017314 0.924876
-0.001172 -0.000060 -0.001646 -0.003277 -0.017738 0.953488
-0.000316 -0.000772 -0.000311 -0.002860 -0.018196 0.982327
0.001047 -0.001993 -0.001300 -0.005095 -0.017265 0.910701
0.000553 -0.002536 -0.001339 -0.005901 -0.017569 0.933049
-0.000136 -0.004717 -0.002496 -0.011054 -0.016525 0.870929
0.000371 -0.004132 -0.002343 -0.009849 -0.016261 0.845146
0.001395 -0.004994 -0.001153 -0.008281 -0.015750 0.792898
0.001595 -0.007297 -0.000576 -0.009700 -0.015225 0.740446
0.002163 -0.009485 -0.000183 -0.011255 -0.015141 0.732436
0.002595 -0.012135 -0.000487 -0.015232 -0.014490 0.672485
0.000913 -0.013169 -0.001365 -0.019051 -0.014546 0.681261
0.000463 -0.014322 -0.000670 -0.018703 -0.014426 0.666861
-0.000252 -0.014746 -0.000839 -0.019676 -0.014108 0.625802
-0.001293 -0.016062 -0.001115 -0.021671 -0.014046 0.614413
0.000068 -0.017399 -0.001535 -0.024302 -0.014459 0.668069
0.001286 -0.019553 -0.002514 -0.028805 -0.014162 0.637067
0.000731 -0.020916 -0.002554 -0.030194 -0.014225 0.644481
0.000179 -0.023723 -0.000434 -0.027639 -0.014022 0.604429
-0.000458 -0.023111 -0.001189 -0.028913 -0.014042 0.616812
-0.000168 -0.023968 -0.001385 -0.030412 -0.014052 0.619411
0.000055 -0.026687 -0.001217 -0.032863 -0.013959 0.597851
0.001180 -0.030219 -0.001402 -0.036911 -0.013672 0.521936
0.002605 -0.034617 -0.000224 -0.037729 -0.013696 0.504424
0.001321 -0.037840 -0.000422 -0.041888 -0.013588 0.486417
-0.000448 -0.041302 0.000976 -0.041188 -0.013518 0.475437
-0.001748 -0.045514 0.000804 -0.045858 -0.013395 0.448183
-0.000636 -0.046638 -0.001602 -0.054278 -0.013315 0.452281
0.000976 -0.047580 -0.001604 -0.055637 -0.013438 0.458480
0.001677 -0.050181 -0.000768 -0.056359 -0.013449 0.433922
0.002640 -0.049837 0.000957 -0.051029 -0.013610 0.406045
0.002509 -0.050142 0.001295 -0.050579 -0.013635 0.414949
-0.000906 -0.048116 -0.002465 -0.059060 -0.013350 0.373832
-0.001538 -0.048612 -0.004100 -0.063572 -0.013204 0.369813
-0.002737 -0.051281 -0.003474 -0.064738 -0.013198 0.418998
-0.004781 -0.051359 -0.001470 -0.058561 -0.013257 0.426411
-0.004305 -0.049787 -0.001615 -0.057791 -0.013227 0.438708
-0.005361 -0.049245 -0.002362 -0.059128 -0.013226 0.484349
-0.005221 -0.047446 -0.004384 -0.061638 -0.013215 0.516945
-0.000856 -0.046937 -0.002468 -0.057360 -0.013470 0.507362
0.002754 -0.044360 -0.000373 -0.048854 -0.013604 0.494293
0.002256 -0.042278 0.000138 -0.045018 -0.013812 0.545138
0.001270 -0.038155 -0.001054 -0.044632 -0.013796 0.543933
0.000079 -0.036178 -0.003513 -0.048399 -0.013727 0.548740
0.000523 -0.033482 -0.003372 -0.045053 -0.013986 0.592213
-0.000068 -0.029362 -0.001722 -0.037011 -0.014035 0.596004
-0.001097 -0.023871 -0.000858 -0.028784 -0.014180 0.617761
-0.000970 -0.022853 -0.000464 -0.026417 -0.014240 0.624426
0.000453 -0.020870 0.000833 -0.020980 -0.014545 0.661116
0.001111 -0.017577 -0.000189 -0.020469 -0.014519 0.660308
0.000618 -0.016392 -0.001220 -0.021858 -0.014545 0.677535
0.000005 -0.015677 -0.000944 -0.020445 -0.014524 0.674035
0.000145 -0.014617 0.000059 -0.016507 -0.014513 0.665410
0.000275 -0.014787 0.000387 -0.015786 -0.014560 0.672165
-0.000424 -0.015104 0.000815 -0.014968 -0.014464 0.664068
0.000520 -0.012984 -0.000432 -0.016365 -0.014192 0.636277
0.001325 -0.010528 -0.000683 -0.014120 -0.014184 0.633586
0.001373 -0.009779 -0.001468 -0.015121 -0.014103 0.626456
0.000784 -0.006399 -0.000178 -0.007585 -0.014356 0.651530
0.000369 -0.003419 -0.000682 -0.004465 -0.014884 0.706165
-0.000053 -0.002200 0.000085 -0.002876 -0.015501 0.770922
-0.001030 -0.001889 -0.000325 -0.002884 -0.015531 0.774696
-0.001583 -0.001982 0.000568 -0.002484 -0.016016 0.828395
-0.002547 -0.002467 0.000298 -0.002905 -0.015927 0.825356
-0.002290 -0.002572 0.000885 -0.002654 -0.015858 0.814922
-0.001867 -0.003618 0.000300 -0.003512 -0.015931 0.825803
-0.001530 -0.003935 0.000995 -0.003281 -0.016020 0.832829
-0.000576 -0.002625 0.000953 -0.002578 -0.016171 0.838831
-0.000372 -0.004028 0.000641 -0.003525 -0.015942 0.817148
-0.000071 -0.003583 -0.000249 -0.004608 -0.016356 0.852816
0.000162 -0.003825 -0.000060 -0.004471 -0.016230 0.844936
-0.000179 -0.004158 0.000217 -0.004202 -0.016060 0.831862
-0.000251 -0.003286 -0.000470 -0.004691 -0.016145 0.840524
0.000157 -0.001889 -0.000140 -0.003121 -0.016727 0.880529
-0.000035 -0.001727 -0.000530 -0.003574 -0.016539 0.867819
-0.000097 -0.001540 -0.000233 -0.002781 -0.016188 0.842194
-0.000662 -0.001825 0.000819 -0.002133 -0.016335 0.857564
-0.000896 -0.000858 0.000732 -0.001490 -0.016337 0.856580
-0.000827 -0.000532 -0.000524 -0.002003 -0.016088 0.834572
-0.000542 -0.000537 -0.000429 -0.001978 -0.015932 0.820977
0.000035 -0.000431 -0.000287 -0.001825 -0.015837 0.809175
0.000014 -0.000160 -0.000808 -0.001850 -0.015981 0.821507
0.000305 0.000668 -0.000477 -0.000859 -0.015913 0.816463
0.000014 0.000861 -0.000252 -0.000509 -0.015597 0.781933
-0.000179 0.000971 -0.000693 -0.000675 -0.015709 0.794285
0.000676 0.000938 -0.001818 -0.001210 -0.015473 0.770581
-0.001168 0.000881 0.000031 -0.000284 -0.015427 0.765701
-0.001386 0.000965 -0.000478 -0.000482 -0.015237 0.742239
-0.002708 0.001031 -0.003029 -0.001807 -0.015412 0.767997
0.000259 0.001319 -0.001016 -0.000409 -0.015182 0.734040
0.003313 0.000640 0.000637 0.000055 -0.014977 0.711122
0.002957 0.001238 -0.001441 -0.000326 -0.014738 0.689053
0.003075 0.001160 -0.002487 -0.001119 -0.015182 0.729096
0.001620 0.000813 -0.003142 -0.001805 -0.015181 0.730233
0.000758 0.000807 -0.000260 -0.000403 -0.015378 0.746797
0.000629 0.001102 -0.000510 -0.000326 -0.015442 0.754485
0.000950 0.001220 -0.001018 -0.000362 -0.015014 0.712644
0.000785 0.001049 -0.000929 -0.000353 -0.014893 0.698056
0.000306 0.000893 -0.000471 -0.000450 -0.015377 0.745201
-0.000188 0.000266 -0.001161 -0.001302 -0.015196 0.727607
-0.000707 0.000169 -0.000583 -0.001089 -0.015056 0.714869
-0.000457 0.000098 -0.000463 -0.001119 -0.015207 0.728514
0.000015 -0.000022 -0.000661 -0.001366 -0.014959 0.711205
0.000814 -0.000510 -0.000296 -0.001615 -0.015096 0.720766
0.000940 -0.000822 -0.000356 -0.001762 -0.014625 0.677414
0.000938 -0.000966 -0.000811 -0.002188 -0.014713 0.686980
0.000374 -0.001503 -0.000517 -0.002504 -0.014721 0.686306
0.000353 -0.001750 -0.000474 -0.002763 -0.015079 0.719009
0.000689 -0.002182 -0.000459 -0.003190 -0.015445 0.756125
0.000042 -0.002098 -0.000336 -0.003109 -0.015417 0.756299
-0.000664 -0.001832 -0.000766 -0.003058 -0.015231 0.738160
-0.000832 -0.001868 -0.000886 -0.003150 -0.015281 0.743130
-0.000752 -0.001881 -0.001287 -0.003787 -0.015431 0.761329
-0.000824 -0.001948 -0.001109 -0.003620 -0.015402 0.757652
-0.000618 -0.001873 -0.000992 -0.003451 -0.015366 0.756323
-0.000179 -0.001305 -0.000630 -0.002622 -0.015171 0.731138
-0.000235 -0.000612 -0.000934 -0.002072 -0.014883 0.701005
-0.000442 0.000468 -0.001030 -0.001108 -0.015010 0.715919
0.000294 0.001385 -0.001205 -0.000345 -0.014922 0.704309
-0.000038 0.001371 -0.000706 -0.000105 -0.014904 0.701763
0.000024 0.001439 -0.000026 0.000560 -0.014570 0.665498
0.000041 0.001384 -0.000664 0.000296 -0.014322 0.639484
0.000576 0.001069 -0.000228 0.000238 -0.014408 0.649514
0.000138 0.000437 -0.000689 -0.000684 -0.014453 0.659449
0.000059 -0.000020 -0.000612 -0.000828 -0.014279 0.628888
-0.000120 -0.000129 -0.000943 -0.001021 -0.014197 0.617928
-0.000556 -0.000096 -0.000943 -0.000955 -0.014148 0.612958
-0.000223 -0.000278 -0.000351 -0.000897 -0.014243 0.624559
-0.000834 -0.000389 -0.000515 -0.000948 -0.014137 0.605157
-0.001531 -0.000524 -0.001722 -0.001506 -0.014007 0.573636
-0.000855 -0.000467 -0.001954 -0.001375 -0.013876 0.534259
-0.000114 -0.000693 -0.000940 -0.000892 -0.013865 0.502006
0.000214 -0.000312 0.000128 0.000259 -0.013809 0.471390
0.000352 -0.000170 0.000026 0.000333 -0.013786 0.465539
0.000151 -0.000119 0.000145 0.000587 -0.013773 0.444478
0.000164 -0.000066 -0.000138 0.000464 -0.013760 0.437199
0.000522 -0.000351 0.000094 0.000480 -0.013776 0.421115
0.001179 -0.000118 0.000035 0.000816 -0.013816 0.404291
0.001043 0.000267 -0.000023 0.001342 -0.013801 0.401100
0.000149 0.000510 -0.000431 0.001021 -0.013797 0.413440
-0.000517 0.000330 -0.000611 0.000628 -0.013771 0.414374
-0.000389 0.000337 -0.000130 0.001010 -0.013795 0.426456
-0.000156 0.000144 0.000012 0.000951 -0.013764 0.424631
-0.000088 0.000002 0.000110 0.000876 -0.013770 0.425671
-0.000060 -0.000345 0.000129 0.000587 -0.013791 0.406553
0.000059 -0.000175 0.000416 0.001166 -0.013776 0.409202
0.000267 -0.001288 0.000746 0.000279 -0.013746 0.403935
0.000213 -0.003295 0.000858 -0.000958 -0.013767 0.394424
0.000053 -0.005789 0.000136 -0.005395 -0.013727 0.390386
0.000091 -0.007702 -0.000081 -0.008683 -0.013676 0.394487
0.000339 -0.008615 0.000019 -0.009641 -0.013701 0.398190
0.000117 -0.008572 -0.000678 -0.011397 -0.013699 0.409129
-0.000033 -0.007154 -0.000906 -0.010066 -0.013718 0.410882
0.000325 -0.005845 -0.000533 -0.007219 -0.013806 0.389180
0.000521 -0.005552 0.000368 -0.004330 -0.013822 0.362131
0.000325 -0.005487 0.000507 -0.004025 -0.013794 0.350112
0.000116 -0.003860 -0.000659 -0.004126 -0.013738 0.335039
0.000108 -0.002064 -0.001837 -0.002687 -0.013702 0.309772
0.000188 -0.000194 -0.001359 0.000275 -0.013754 0.305019
0.000230 0.001107 -0.000342 0.003113 -0.013769 0.292472
-0.000009 0.001882 -0.000365 0.004217 -0.013784 0.285878
-0.000081 0.002526 -0.000177 0.005537 -0.013744 0.285458
-0.000220 0.003695 -0.000908 0.006433 -0.013746 0.260263
-0.000012 0.004431 -0.000600 0.008113 -0.013763 0.240135
0.000295 0.004372 -0.000422 0.008557 -0.013794 0.218587
0.000075 0.005169 -0.000542 0.009355 -0.013752 0.216722
-0.000187 0.005752 -0.000985 0.009065 -0.013704 0.244250
-0.000048 0.006444 -0.000724 0.010030 -0.013653 0.255667
-0.000026 0.006989 -0.000925 0.010174 -0.013680 0.268241
0.000218 0.006230 -0.000610 0.009975 -0.013730 0.252617
0.000851 0.006520 -0.000364 0.010857 -0.013694 0.251337
0.000655 0.007084 -0.000187 0.011625 -0.013643 0.281432
-0.000031 0.007500 -0.000594 0.011182 -0.013602 0.289960
-0.000365 0.007710 -0.000340 0.011906 -0.013573 0.282864
-0.000441 0.008623 -0.000370 0.013194 -0.013485 0.260558
-0.000855 0.009036 0.000041 0.014500 -0.013404 0.259456
-0.001220 0.009016 -0.000087 0.014308 -0.013380 0.254574
-0.001121 0.008597 -0.000218 0.013414 -0.013374 0.269270
-0.000533 0.008293 -0.000003 0.013585 -0.013381 0.260439
-0.000579 0.008028 -0.000744 0.011846 -0.013426 0.257944
-0.000603 0.008636 -0.000230 0.013237 -0.013356 0.276635
-0.000630 0.008540 0.000586 0.014119 -0.013300 0.322953
-0.000073 0.007076 0.001603 0.013929 -0.013304 0.352320
0.001782 0.004976 0.002056 0.011768 -0.013466 0.358791
0.002330 0.003364 0.001421 0.008512 -0.013621 0.351610
0.001753 0.002570 -0.000710 0.004259 -0.013718 0.374063
-0.000599 0.005618 -0.002944 0.004890 -0.013530 0.380094
-0.001561 0.008522 -0.003893 0.006549 -0.013436 0.375339
-0.000581 0.012376 0.002049 0.019846 -0.013160 0.405545
0.000170 0.011517 0.005642 0.024504 -0.013160 0.479246
0.003130 0.004503 0.005506 0.014364 -0.013526 0.462862
0.003263 -0.004732 0.002746 -0.000851 -0.013977 0.437198
0.001258 -0.013994 -0.002600 -0.022153 -0.013572 0.431154
0.001828 -0.018430 -0.004395 -0.031284 -0.013498 0.455417
0.001360 -0.018288 -0.005325 -0.033422 -0.013462 0.458410
0.000579 -0.021234 -0.000799 -0.026347 -0.013697 0.459472
-0.000771 -0.025013 0.000570 -0.025952 -0.013887 0.488583
-0.005346 -0.025213 -0.001522 -0.031282 -0.013873 0.529556
-0.005768 -0.025183 -0.004075 -0.037586 -0.013680 0.535414
-0.003350 -0.026371 -0.003677 -0.038488 -0.013735 0.524894
-0.001895 -0.025899 -0.002536 -0.035504 -0.013677 0.511843
-0.002440 -0.025224 -0.001635 -0.032416 -0.013679 0.485658
-0.002470 -0.022104 -0.001078 -0.027306 -0.013725 0.502614
-0.002976 -0.015079 -0.003051 -0.025029 -0.013567 0.501874
-0.003631 -0.008789 -0.004848 -0.021392 -0.013388 0.489504
-0.002072 -0.000512 -0.003212 -0.002816 -0.013633 0.489495
-0.000018 0.006558 -0.001674 0.006645 -0.013485 0.479891
0.000235 0.009465 0.001118 0.014360 -0.013323 0.500115
-0.002929 0.009590 0.004764 0.020697 -0.013204 0.542871
-0.001791 0.012080 0.001650 0.018416 -0.013229 0.495330
-0.001208 0.015092 -0.001157 0.016192 -0.013226 0.432876
0.000454 0.014250 -0.001218 0.016261 -0.013201 0.368689
0.001266 0.013873 -0.000098 0.018045 -0.013207 0.344367
0.001280 0.011579 0.001144 0.018502 -0.013268 0.316059
0.000836 0.007660 0.000048 0.013105 -0.013472 0.275871
0.000441 0.005608 -0.001170 0.009013 -0.013573 0.238365
0.000823 0.002546 -0.001155 0.005580 -0.013780 0.190964
0.000264 0.000508 -0.000671 0.003550 -0.013870 0.165454
0.001540 0.000362 -0.001054 0.003005 -0.013959 0.157634
0.004164 0.000313 -0.001086 0.002786 -0.014084 0.179378
0.002088 0.000010 -0.000577 0.003084 -0.014078 0.147904
-0.000386 0.001456 -0.000882 0.004697 -0.013839 0.152312
-0.000347 0.001406 -0.001007 0.004498 -0.013851 0.147439
0.000079 0.000681 -0.000885 0.003667 -0.013911 0.142703
-0.000148 0.001268 -0.001057 0.004259 -0.013869 0.145703
