-0.000269 0.013534 0.001826 0.020942 -0.012989 0.326969
0.000245 0.008143 0.001162 0.015397 -0.013239 0.288949
0.000653 0.002834 0.001174 0.008706 -0.013572 0.279591
0.000679 -0.000458 0.000701 0.003147 -0.013774 0.275819
0.000509 -0.005628 0.001776 -0.002381 -0.013826 0.282451
0.000912 -0.012605 0.001200 -0.011512 -0.013741 0.294294
0.000095 -0.016173 -0.000604 -0.019924 -0.013552 0.263525
-0.000444 -0.019412 -0.002601 -0.027795 -0.013357 0.280941
0.000356 -0.020431 -0.001735 -0.027038 -0.013462 0.303512
0.000296 -0.021329 0.000102 -0.022929 -0.013586 0.293081
-0.000402 -0.022033 0.001130 -0.021537 -0.013614 0.301971
-0.000567 -0.021118 0.001197 -0.020334 -0.013701 0.378287
-0.000611 -0.018097 -0.000583 -0.021848 -0.013683 0.406678
-0.000625 -0.016207 -0.000931 -0.020652 -0.013681 0.431722
-0.000152 -0.013637 -0.000627 -0.016989 -0.013689 0.468237
0.000492 -0.011615 0.000705 -0.011405 -0.013799 0.465566
0.001582 -0.008898 0.002165 -0.005436 -0.014058 0.529812
0.001158 -0.006563 -0.001500 -0.010140 -0.013811 0.522064
0.000980 -0.005578 -0.001610 -0.009239 -0.013930 0.559343
0.001946 -0.006034 -0.000334 -0.007247 -0.014148 0.593275
0.001034 -0.005315 0.001212 -0.003332 -0.014156 0.589898
0.000897 -0.007217 0.004053 -0.002608 -0.014549 0.656415
0.002005 -0.008398 -0.000955 -0.012354 -0.014750 0.691506
0.003312 -0.007569 -0.003723 -0.017669 -0.014949 0.715190
0.002615 -0.007814 -0.003064 -0.016546 -0.014972 0.718263
0.001547 -0.005932 0.000099 -0.006018 -0.014973 0.709253
0.001839 -0.007173 0.001002 -0.005752 -0.015365 0.749396
0.002303 -0.007842 -0.000474 -0.010337 -0.015495 0.768540
0.003756 -0.007727 -0.002279 -0.014780 -0.015788 0.797865
0.005078 -0.006775 -0.001759 -0.011958 -0.015715 0.782862
0.007533 -0.005756 -0.002158 -0.011119 -0.015881 0.793095
0.007573 -0.004868 -0.002347 -0.009974 -0.015737 0.774145
0.008219 -0.005354 -0.003162 -0.012407 -0.015571 0.762841
0.007808 -0.005421 -0.003698 -0.013787 -0.015538 0.760502
0.006787 -0.004536 -0.003434 -0.012168 -0.015630 0.767681
0.006034 -0.005844 -0.003755 -0.015146 -0.015873 0.798875
0.005343 -0.006048 -0.002497 -0.012682 -0.015758 0.787222
0.004749 -0.006308 -0.002802 -0.013843 -0.015500 0.762576
0.002904 -0.005986 -0.003167 -0.014305 -0.015276 0.750362
0.001080 -0.005938 -0.001457 -0.010466 -0.015386 0.758852
-0.001139 -0.008033 0.000539 -0.007284 -0.015140 0.735653
-0.001869 -0.009025 0.000443 -0.008772 -0.015075 0.734160
-0.001954 -0.009866 0.000655 -0.009216 -0.015008 0.724414
-0.002891 -0.011095 -0.000036 -0.012269 -0.015089 0.737047
-0.006159 -0.010557 -0.001213 -0.014459 -0.015128 0.747487
-0.005929 -0.010093 -0.001199 -0.013839 -0.015269 0.766804
-0.004232 -0.009309 -0.002038 -0.015374 -0.015628 0.803248
-0.001171 -0.009908 -0.000489 -0.012398 -0.015858 0.814402
-0.000142 -0.009314 -0.000069 -0.010492 -0.015859 0.810200
-0.001250 -0.008222 0.000384 -0.007898 -0.016253 0.841244
-0.001844 -0.008569 0.000832 -0.007199 -0.016367 0.856327
-0.002764 -0.007544 0.002584 -0.003798 -0.016848 0.889960
-0.004444 -0.009049 0.000862 -0.007238 -0.016579 0.880690
-0.006210 -0.009925 0.000699 -0.008234 -0.016397 0.869463
-0.003658 -0.008752 0.000993 -0.006665 -0.017222 0.916510
-0.001762 -0.007366 0.001866 -0.004436 -0.017707 0.942377
-0.001302 -0.006998 0.000962 -0.005635 -0.018171 0.970140
-0.002100 -0.006583 0.001202 -0.005096 -0.018402 0.985716
-0.001154 -0.006319 0.001778 -0.004218 -0.018780 1.003125
-0.000390 -0.004985 0.001432 -0.003892 -0.018601 0.990037
-0.000246 -0.003861 0.000739 -0.003873 -0.018271 0.969373
-0.000277 -0.002105 -0.000432 -0.004423 -0.018581 0.985294
-0.001173 -0.000706 0.000262 -0.001705 -0.018790 0.999559
-0.001757 -0.000521 -0.000240 -0.002252 -0.019031 1.015023
-0.000932 -0.000809 0.001217 -0.001017 -0.019030 1.011507
0.000315 -0.001055 0.000834 -0.001520 -0.018771 0.992660
0.000106 -0.001830 0.000872 -0.002191 -0.018584 0.983175
-0.001883 -0.003383 0.001000 -0.003073 -0.018331 0.973861
-0.003347 -0.004542 0.000558 -0.004375 -0.018859 1.010322
-0.003511 -0.005829 0.001461 -0.004066 -0.018496 0.993716
-0.001562 -0.007111 0.000683 -0.006150 -0.018784 1.009274
0.001915 -0.009559 0.000981 -0.007713 -0.018967 1.012418
0.002855 -0.011741 0.000514 -0.010514 -0.018953 1.012947
-0.000292 -0.010391 0.000179 -0.010041 -0.018583 0.997593
-0.004647 -0.009964 -0.001021 -0.012493 -0.018115 0.981203
-0.004045 -0.008217 -0.001938 -0.012997 -0.019230 1.048909
0.001280 -0.005795 -0.000937 -0.008407 -0.020072 1.081841
0.004040 -0.006027 -0.000540 -0.007725 -0.019549 1.042647
0.006923 -0.006666 -0.001463 -0.009867 -0.019302 1.024066
0.001093 -0.005537 0.000159 -0.006398 -0.019319 1.037725
-0.003252 -0.005806 0.000357 -0.005778 -0.018498 0.999137
-0.004652 -0.004959 0.000333 -0.004878 -0.018763 1.016674
-0.002058 -0.004498 -0.000318 -0.005888 -0.019504 1.056382
0.000419 -0.004825 -0.000954 -0.007815 -0.019796 1.066073
0.001570 -0.005421 -0.000747 -0.007731 -0.019758 1.059105
0.002495 -0.006143 -0.000537 -0.007976 -0.019341 1.029950
0.000676 -0.007051 -0.000177 -0.007976 -0.019477 1.045462
-0.000382 -0.006932 0.000410 -0.006368 -0.019614 1.060225
0.000057 -0.007146 0.000301 -0.006530 -0.020040 1.084808
0.001459 -0.007469 -0.000143 -0.007852 -0.019993 1.077772
0.001384 -0.007968 0.000770 -0.006539 -0.020163 1.092052
0.001599 -0.008118 0.001179 -0.006135 -0.019947 1.073844
0.001713 -0.008141 0.001356 -0.005741 -0.020831 1.133347
0.001488 -0.009022 0.001367 -0.006577 -0.019249 1.035545
0.000476 -0.007738 0.000625 -0.006702 -0.018941 1.016453
-0.001073 -0.008161 -0.000126 -0.008173 -0.019290 1.048982
-0.000110 -0.007971 0.000022 -0.007330 -0.020185 1.100365
0.000846 -0.008530 0.000639 -0.006723 -0.020408 1.110948
0.001322 -0.009561 0.000231 -0.008235 -0.019997 1.088103
-0.000115 -0.009064 -0.001304 -0.012415 -0.019339 1.051467
-0.000729 -0.007603 -0.000479 -0.008295 -0.019867 1.083575
-0.000149 -0.008358 -0.000650 -0.009879 -0.019870 1.084398
0.000670 -0.007011 -0.000540 -0.008841 -0.019270 1.038127
0.002012 -0.008144 -0.000740 -0.009716 -0.019491 1.047987
0.001947 -0.008570 -0.000329 -0.008067 -0.020744 1.131216
0.000221 -0.007390 -0.000697 -0.008933 -0.019983 1.082926
-0.001236 -0.006477 -0.000245 -0.006791 -0.019341 1.042788
-0.000665 -0.007361 -0.000724 -0.008133 -0.020798 1.143610
0.000097 -0.006967 -0.000317 -0.007120 -0.020572 1.126486
-0.000344 -0.005642 -0.000005 -0.005779 -0.019486 1.052811
-0.000646 -0.005624 -0.000327 -0.006535 -0.019978 1.087937
-0.000194 -0.004368 -0.000076 -0.005049 -0.020727 1.133199
0.000760 -0.003277 0.000970 -0.002954 -0.022377 1.224170
0.002044 -0.004116 0.001243 -0.003358 -0.022162 1.209112
0.000980 -0.005631 0.001785 -0.003744 -0.020885 1.136615
0.000250 -0.009068 0.002516 -0.004211 -0.021737 1.191885
0.000939 -0.011247 0.002975 -0.004937 -0.021128 1.154201
-0.000988 -0.011556 0.001180 -0.007305 -0.020548 1.123784
-0.001751 -0.011519 0.000350 -0.008589 -0.020842 1.146212
0.000329 -0.010513 -0.000194 -0.009112 -0.021390 1.170771
0.001781 -0.011594 -0.000049 -0.009797 -0.021152 1.156632
0.001815 -0.012141 0.000609 -0.009246 -0.020497 1.118879
0.001007 -0.012863 0.000683 -0.009683 -0.020528 1.123582
-0.000968 -0.012315 0.001053 -0.008984 -0.019528 1.060184
-0.000935 -0.012174 0.000569 -0.009146 -0.020283 1.109138
0.000532 -0.010824 -0.000029 -0.009482 -0.020185 1.092291
0.001363 -0.010676 -0.000390 -0.009795 -0.020878 1.133529
0.000916 -0.009943 -0.000821 -0.010723 -0.020797 1.126115
0.001128 -0.009506 -0.000764 -0.010722 -0.020045 1.079842
0.000066 -0.008951 -0.000651 -0.010587 -0.019244 1.029311
-0.001501 -0.007753 -0.000558 -0.008898 -0.018954 1.015719
-0.001562 -0.006866 0.000735 -0.005601 -0.019485 1.047027
0.000549 -0.007439 0.000895 -0.005818 -0.020046 1.077694
0.002733 -0.005946 0.001496 -0.004421 -0.019752 1.050541
0.003001 -0.005772 0.003061 -0.002576 -0.020614 1.111763
0.002521 -0.004720 0.001446 -0.003464 -0.021424 1.164250
0.002820 -0.005083 0.001673 -0.003641 -0.019593 1.044047
0.000169 -0.003475 0.001153 -0.003011 -0.018483 0.977054
-0.003187 -0.003048 0.000366 -0.003669 -0.018690 1.002354
-0.003180 -0.003672 0.001441 -0.002898 -0.019450 1.051261
-0.000712 -0.002665 0.000999 -0.002719 -0.019907 1.071178
-0.000360 -0.002099 0.000660 -0.002645 -0.019801 1.062191
-0.001387 -0.000855 0.001256 -0.000789 -0.020328 1.098796
-0.000972 -0.000919 0.000889 -0.001140 -0.019906 1.073242
0.000363 -0.000846 0.000870 -0.001105 -0.020762 1.127419
-0.000115 -0.000700 0.001392 -0.000484 -0.021328 1.164785
-0.001429 -0.000427 0.001867 0.000072 -0.021120 1.154767
-0.000792 -0.000733 0.001120 -0.000690 -0.021341 1.163039
0.000832 -0.000846 0.001205 -0.000971 -0.021622 1.175050
0.001140 -0.000149 0.000772 -0.000428 -0.022172 1.205433
0.001488 0.000791 0.000269 0.000333 -0.021650 1.178355
0.000927 0.000996 0.000210 0.000751 -0.022932 1.244938
0.000596 0.002782 -0.000442 0.001455 -0.023011 1.252329
0.001222 0.005530 -0.000181 0.003724 -0.022835 1.245925
0.001138 0.005982 -0.000120 0.004230 -0.023018 1.259711
0.000226 0.006008 0.000149 0.004878 -0.022688 1.245989
-0.000555 0.007651 0.000075 0.005768 -0.022059 1.214926
-0.000480 0.010471 0.000052 0.008304 -0.021892 1.212961
-0.000131 0.011095 0.000057 0.008797 -0.021762 1.207122
0.000081 0.012103 0.000295 0.010617 -0.021177 1.179735
0.001237 0.012959 0.000435 0.011656 -0.020881 1.161474
0.002331 0.013147 0.000044 0.011191 -0.020031 1.106508
0.001369 0.014055 -0.000315 0.011515 -0.019522 1.075111
-0.000498 0.014684 -0.000013 0.012759 -0.019443 1.073907
-0.001841 0.014836 -0.000226 0.012814 -0.018683 1.032802
-0.001829 0.013479 0.000767 0.013483 -0.018957 1.051785
-0.000060 0.013877 0.000971 0.014434 -0.019315 1.068246
0.001005 0.014333 0.001246 0.015201 -0.018932 1.050027
0.001321 0.012983 0.000701 0.013385 -0.018665 1.021630
0.000907 0.012924 0.001212 0.014359 -0.018544 1.017452
0.000122 0.011992 0.000423 0.012062 -0.017952 0.976092
-0.001406 0.011988 -0.000287 0.010581 -0.017402 0.945364
-0.002888 0.011251 0.000119 0.011310 -0.016909 0.919549
-0.000926 0.012496 -0.001006 0.009674 -0.017512 0.945279
0.000896 0.013417 -0.001170 0.010294 -0.017448 0.937139
0.000755 0.012961 -0.000998 0.010444 -0.017002 0.912004
-0.000148 0.012943 0.000370 0.013494 -0.016920 0.916099
-0.001722 0.012345 0.000748 0.013867 -0.016806 0.912198
-0.001888 0.012331 0.000451 0.012763 -0.017508 0.954439
-0.000508 0.012174 0.000425 0.012022 -0.018333 1.001895
0.000099 0.013013 -0.001292 0.008698 -0.018699 1.015914
-0.000393 0.012583 -0.000829 0.009614 -0.017813 0.963304
-0.002655 0.012803 -0.001080 0.009652 -0.017500 0.950840
-0.002422 0.013275 -0.001620 0.009356 -0.017145 0.927275
-0.000652 0.015279 -0.001638 0.011087 -0.017092 0.923584
-0.000135 0.016134 -0.001137 0.013055 -0.016618 0.897745
-0.001041 0.016889 -0.002157 0.012112 -0.015752 0.841345
-0.003043 0.017966 -0.001338 0.014430 -0.016283 0.885481
-0.002925 0.020135 -0.001992 0.014616 -0.016804 0.924804
-0.000468 0.021804 -0.001813 0.016060 -0.017484 0.965015
0.000812 0.024156 -0.001541 0.018695 -0.017291 0.956668
0.001683 0.024485 -0.000491 0.021027 -0.017008 0.942005
-0.000614 0.023771 -0.000546 0.019380 -0.017376 0.974472
-0.001845 0.024066 -0.000495 0.019936 -0.017502 0.986016
-0.003124 0.022300 -0.000608 0.018320 -0.017716 1.000342
-0.002013 0.022090 -0.000104 0.018591 -0.018851 1.086604
-0.003106 0.020580 0.000093 0.017959 -0.019241 1.109486
-0.002259 0.020936 0.000213 0.017864 -0.019865 1.155995
-0.001335 0.020151 0.000671 0.017988 -0.020746 1.204754
-0.000464 0.019540 -0.000033 0.015578 -0.020922 1.204905
-0.000260 0.021021 -0.000442 0.016336 -0.020600 1.184247
-0.001096 0.021256 -0.001193 0.015301 -0.020082 1.154320
-0.000841 0.020941 -0.000920 0.015459 -0.019732 1.132461
-0.000367 0.019855 -0.000210 0.016117 -0.019408 1.103440
0.000934 0.018291 -0.000139 0.015229 -0.018921 1.059494
0.000407 0.017890 -0.000452 0.014848 -0.017529 0.958397
-0.000760 0.016434 -0.001766 0.009862 -0.020021 1.125837
-0.003586 0.015708 -0.002108 0.008633 -0.020044 1.139755
-0.004409 0.016640 -0.003693 0.006145 -0.020995 1.200891
-0.002921 0.016769 -0.002884 0.007833 -0.020822 1.183213
-0.002272 0.017155 -0.002429 0.008974 -0.020535 1.165161
-0.001954 0.017337 -0.001801 0.010226 -0.020905 1.186809
-0.002491 0.016857 -0.001631 0.009671 -0.021788 1.239177
-0.001323 0.016574 -0.000408 0.011795 -0.022372 1.262055
-0.000606 0.017566 -0.000295 0.012631 -0.021966 1.239883
0.000036 0.018081 -0.000061 0.013685 -0.022082 1.244218
0.000667 0.019234 0.000586 0.016213 -0.021954 1.247998
0.001392 0.019492 -0.000005 0.015220 -0.021001 1.189806
0.002353 0.020925 -0.000081 0.016596 -0.020612 1.163834
0.001089 0.024357 -0.001357 0.017221 -0.020413 1.162961
-0.000647 0.027028 -0.002046 0.018191 -0.020799 1.195796
-0.002429 0.028781 -0.002292 0.019278 -0.020958 1.217050
-0.001116 0.029903 -0.002011 0.020702 -0.020767 1.203241
-0.000615 0.029828 -0.001524 0.021661 -0.020547 1.189576
-0.000942 0.029489 -0.000672 0.023177 -0.020293 1.176371
-0.001803 0.028670 -0.000288 0.023250 -0.020973 1.219182
-0.002545 0.028400 -0.000631 0.022007 -0.021633 1.263891
-0.003344 0.027150 -0.000716 0.020883 -0.021670 1.261052
-0.002139 0.025349 -0.000769 0.019145 -0.022164 1.271137
0.000251 0.024896 -0.000444 0.018834 -0.022767 1.297624
0.001701 0.023932 0.000602 0.021026 -0.022780 1.294803
0.000777 0.023079 0.000318 0.019337 -0.022577 1.285147
-0.000921 0.021949 0.000593 0.019029 -0.022799 1.300260
-0.000910 0.023891 -0.000194 0.018423 -0.022810 1.306782
-0.000611 0.022476 -0.000445 0.016930 -0.022617 1.282808
-0.000474 0.022631 -0.001002 0.016044 -0.022615 1.281112
-0.000381 0.021897 -0.000237 0.017081 -0.022731 1.293690
0.000293 0.022751 -0.000995 0.016359 -0.022862 1.297160
0.000726 0.022398 -0.000430 0.017176 -0.022853 1.297132
0.001828 0.021990 -0.000063 0.017981 -0.022379 1.264532
0.001896 0.022365 -0.000995 0.016555 -0.022274 1.263707
0.001105 0.021247 -0.000182 0.016739 -0.023332 1.319112
0.002352 0.021327 0.000008 0.017304 -0.023553 1.333742
0.004321 0.021723 0.000483 0.018934 -0.022778 1.290650
0.005126 0.021175 0.000594 0.019177 -0.021086 1.190823
0.003850 0.021477 -0.000485 0.016581 -0.022126 1.245287
0.002724 0.020635 -0.000886 0.014471 -0.023450 1.309552
0.001794 0.020369 -0.000962 0.013897 -0.023236 1.297424
-0.000293 0.020149 -0.000210 0.014685 -0.023923 1.345682
0.000283 0.020213 0.000425 0.016938 -0.024051 1.347553
0.004074 0.019983 0.001431 0.019167 -0.022719 1.267973
0.003302 0.018145 0.000446 0.015150 -0.023565 1.305985
-0.000168 0.019356 -0.001255 0.011993 -0.023769 1.327503
0.000018 0.019382 -0.001575 0.011441 -0.024091 1.341637
0.001749 0.019339 -0.001753 0.011849 -0.023038 1.276472
0.002759 0.019656 -0.000122 0.015494 -0.022347 1.247079
0.001457 0.020153 -0.000465 0.014729 -0.023249 1.303697
0.004119 0.020468 0.000934 0.018767 -0.022467 1.263675
0.004399 0.020902 -0.000414 0.016184 -0.021769 1.218818
0.002146 0.022626 -0.001456 0.015210 -0.022347 1.253548
0.000142 0.023582 -0.002222 0.014731 -0.021892 1.230035
0.000787 0.024613 -0.002095 0.015881 -0.022223 1.254988
0.001317 0.025484 -0.001152 0.018317 -0.022529 1.279484
0.001163 0.025257 -0.000817 0.018664 -0.023041 1.305153
0.000572 0.024828 0.000007 0.019930 -0.023610 1.339152
0.000607 0.024886 -0.000059 0.019789 -0.023578 1.339128
0.002994 0.023528 0.000631 0.021140 -0.022255 1.253032
0.003681 0.023055 0.000378 0.020143 -0.021399 1.203155
0.001748 0.022475 0.000205 0.019120 -0.022359 1.257482
0.001731 0.021863 0.000274 0.018640 -0.022245 1.248665
0.000723 0.022039 0.000245 0.018435 -0.022421 1.263234
0.000678 0.020624 -0.000020 0.016667 -0.022614 1.266634
0.001627 0.020852 0.000479 0.018015 -0.022791 1.282446
0.001919 0.019361 0.000535 0.016839 -0.023095 1.294346
0.003300 0.019416 0.000637 0.017469 -0.022727 1.267246
0.002072 0.020453 0.000248 0.017675 -0.022838 1.276768
0.000626 0.021163 0.000275 0.018337 -0.023071 1.297038
-0.000142 0.020509 -0.001294 0.014218 -0.023004 1.284612
-0.001371 0.021087 -0.002914 0.011566 -0.022834 1.279746
-0.001113 0.021242 -0.003385 0.010844 -0.022644 1.269339
0.000045 0.020751 -0.002759 0.011587 -0.022630 1.268256
0.002679 0.021070 -0.001105 0.015484 -0.021934 1.235451
0.002114 0.022094 -0.001965 0.014381 -0.022802 1.286569
-0.000313 0.022655 -0.001741 0.014965 -0.023170 1.309369
-0.001833 0.022036 -0.002070 0.013866 -0.022771 1.285884
-0.001917 0.021225 -0.001178 0.015012 -0.022430 1.268663
-0.001882 0.021827 -0.001323 0.015343 -0.021937 1.245976
-0.000849 0.021033 -0.000617 0.015797 -0.022757 1.282516
-0.000357 0.022268 -0.001283 0.015730 -0.022978 1.291487
0.000052 0.021922 -0.000541 0.016813 -0.022842 1.286179
0.001128 0.021326 0.000348 0.018765 -0.022420 1.260491
0.000498 0.021806 0.000838 0.020726 -0.021896 1.244695
-0.001340 0.020992 -0.000460 0.016589 -0.022428 1.278048
-0.000052 0.020351 -0.000162 0.016564 -0.022787 1.291277
0.004291 0.019014 -0.000242 0.015560 -0.021817 1.220329
0.008528 0.018305 -0.000197 0.015359 -0.020394 1.131763
0.006212 0.018350 -0.000962 0.014108 -0.020789 1.146293
0.002930 0.018906 -0.001520 0.013055 -0.021564 1.192233
0.000749 0.019476 -0.001539 0.013307 -0.022046 1.226287
-0.000088 0.019973 -0.002179 0.012839 -0.021373 1.192984
0.000366 0.019622 -0.001976 0.012869 -0.021072 1.171700
-0.000455 0.019660 -0.000781 0.015377 -0.020230 1.127676
0.000507 0.019017 -0.000517 0.015603 -0.020154 1.116053
0.000890 0.017797 -0.000436 0.014581 -0.020641 1.137321
0.002774 0.018250 -0.002176 0.011794 -0.020308 1.112248
0.001691 0.016954 -0.000248 0.014317 -0.020316 1.121160
-0.001691 0.015254 -0.000133 0.013293 -0.019823 1.100769
-0.002953 0.014648 0.000419 0.014001 -0.020518 1.146131
-0.002365 0.013231 0.000527 0.012800 -0.020505 1.144017
-0.001776 0.011983 0.001301 0.013495 -0.020110 1.117017
0.000611 0.008872 0.000234 0.007806 -0.020612 1.129274
0.002461 0.006329 -0.000176 0.004299 -0.020673 1.123024
0.001916 0.004697 -0.000541 0.002303 -0.021309 1.157376
0.004561 0.004338 -0.000899 0.001387 -0.021217 1.147180
0.008950 0.003928 -0.000180 0.001619 -0.020848 1.114857
0.002392 0.004227 -0.000805 0.001363 -0.020361 1.101609
-0.007824 0.002030 -0.000452 0.000259 -0.019424 1.073484
-0.008264 0.000619 -0.000765 -0.001066 -0.019396 1.068786
-0.002661 0.001236 0.000074 0.000372 -0.020736 1.133677
0.002838 -0.000118 -0.001064 -0.003161 -0.021040 1.139608
0.004108 0.000139 -0.000026 -0.001401 -0.021112 1.140836
0.003483 -0.001004 -0.001975 -0.005275 -0.020781 1.127241
0.001587 -0.000724 -0.001689 -0.004812 -0.021229 1.158350
0.001838 -0.001215 -0.000795 -0.004294 -0.021106 1.151709
0.000742 -0.002274 -0.000888 -0.005253 -0.021335 1.166794
0.000826 -0.003387 -0.000411 -0.005126 -0.021468 1.174447
-0.000421 -0.006237 -0.000114 -0.006392 -0.020373 1.121865
-0.000735 -0.007552 0.000977 -0.005437 -0.020815 1.145296
0.000070 -0.008205 0.000664 -0.006438 -0.020290 1.113376
0.001503 -0.008911 0.001340 -0.006342 -0.019659 1.068277
-0.000064 -0.007611 -0.000592 -0.009476 -0.019861 1.085669
-0.000966 -0.007245 -0.001079 -0.010543 -0.019649 1.073679
-0.001690 -0.006137 -0.000491 -0.007737 -0.019181 1.041486
-0.001224 -0.005880 -0.000035 -0.006516 -0.019065 1.031216
0.000262 -0.007642 -0.000051 -0.007590 -0.019894 1.083323
0.001649 -0.006467 0.000566 -0.005891 -0.020131 1.092270
0.001302 -0.006163 0.000257 -0.006446 -0.018698 0.997851
0.001041 -0.006099 -0.000563 -0.007616 -0.020098 1.089661
0.000231 -0.005943 -0.000422 -0.007755 -0.019330 1.044474
-0.000368 -0.006222 -0.000075 -0.006905 -0.019113 1.031320
-0.001918 -0.006273 -0.000189 -0.007179 -0.018412 0.987899
-0.001057 -0.006305 0.000066 -0.006669 -0.018438 0.987171
-0.000399 -0.007289 0.000303 -0.006852 -0.018636 0.998710
0.001012 -0.008342 0.000756 -0.006661 -0.019691 1.065300
0.000802 -0.008009 0.002894 -0.003895 -0.018746 1.003027
0.002164 -0.011342 0.001994 -0.007132 -0.019272 1.040180
0.002698 -0.010711 0.000526 -0.009461 -0.018924 1.017128
0.001393 -0.010413 0.000927 -0.008579 -0.018359 0.984242
-0.001108 -0.008437 -0.000180 -0.009379 -0.017555 0.941384
-0.001508 -0.005447 -0.000688 -0.007938 -0.017947 0.963467
0.000036 -0.004963 -0.000970 -0.008328 -0.019268 1.041498
0.001402 -0.002051 0.000122 -0.003760 -0.019974 1.075633
0.001255 -0.002020 0.000466 -0.003283 -0.018964 1.012308
-0.000341 -0.002421 0.000254 -0.003753 -0.018785 1.007828
0.000035 -0.001702 0.000727 -0.002482 -0.018407 0.982050
0.000765 -0.002062 0.000414 -0.003344 -0.018700 0.996887
0.000500 -0.002277 0.000016 -0.003957 -0.018331 0.974980
-0.001527 -0.002479 0.000164 -0.003731 -0.018401 0.984639
-0.003260 -0.002987 0.001867 -0.002200 -0.018517 0.997469
-0.000546 -0.003346 0.000492 -0.004064 -0.018416 0.988850
0.002117 -0.004157 0.000480 -0.004946 -0.018712 0.999536
0.002836 -0.004844 0.000403 -0.005476 -0.018097 0.956565
-0.000175 -0.005228 -0.000161 -0.006443 -0.017432 0.923697
0.000123 -0.007006 0.000004 -0.007383 -0.017812 0.947643
-0.000117 -0.008709 -0.000099 -0.009247 -0.017313 0.919996
0.002544 -0.010221 0.001295 -0.007668 -0.018093 0.961380
0.001822 -0.010766 0.001796 -0.007198 -0.018199 0.966516
0.001073 -0.011822 0.000758 -0.009782 -0.018158 0.968249
-0.001930 -0.012041 -0.000984 -0.014591 -0.017682 0.947225
0.000588 -0.011074 0.000561 -0.009322 -0.018093 0.958497
0.001276 -0.011446 -0.000903 -0.013685 -0.018193 0.966408
0.002438 -0.012103 -0.000019 -0.012042 -0.017549 0.925385
0.000174 -0.011628 -0.000521 -0.013259 -0.017350 0.918710
-0.000956 -0.010496 -0.000624 -0.012271 -0.017040 0.898849
-0.000945 -0.008246 -0.000469 -0.009696 -0.017113 0.901210
-0.001333 -0.007096 -0.000887 -0.009647 -0.017215 0.908751
-0.000602 -0.007987 -0.000353 -0.009021 -0.017292 0.913310
-0.001362 -0.008281 -0.000511 -0.009657 -0.017253 0.912834
0.000008 -0.007700 -0.000946 -0.010752 -0.017420 0.918399
0.001310 -0.007938 0.000424 -0.007288 -0.016897 0.880603
0.001167 -0.008141 -0.000196 -0.009053 -0.016837 0.876905
-0.000977 -0.007903 -0.001261 -0.011889 -0.016744 0.879884
-0.000841 -0.007716 -0.000502 -0.009425 -0.016600 0.867714
-0.001663 -0.008573 -0.001143 -0.012309 -0.016461 0.862371
-0.002425 -0.008322 0.000044 -0.008367 -0.016694 0.877455
-0.002314 -0.009587 -0.000926 -0.012513 -0.016588 0.872524
-0.000439 -0.009521 -0.001407 -0.014402 -0.016920 0.891927
-0.000213 -0.009883 -0.000765 -0.013097 -0.016680 0.874312
-0.001237 -0.008715 -0.000861 -0.011559 -0.017028 0.898907
-0.000628 -0.009266 -0.000744 -0.012035 -0.016972 0.898046
0.000160 -0.010443 -0.001270 -0.014909 -0.016784 0.885803
-0.000120 -0.009928 -0.000520 -0.012099 -0.016829 0.887925
0.000081 -0.010186 -0.000807 -0.013652 -0.016348 0.858117
-0.001447 -0.009753 -0.000736 -0.012626 -0.016022 0.833989
-0.001801 -0.007836 -0.000409 -0.009257 -0.016044 0.835731
-0.002526 -0.005593 -0.000858 -0.008006 -0.016114 0.838943
-0.001535 -0.003990 -0.000514 -0.005434 -0.016314 0.848288
-0.002579 -0.003384 -0.000265 -0.003997 -0.016353 0.854384
-0.002655 -0.002726 0.000120 -0.003095 -0.016787 0.883461
-0.002602 -0.002333 -0.000130 -0.003061 -0.016817 0.885179
-0.001335 -0.002109 -0.000141 -0.003112 -0.016897 0.886990
0.000415 -0.001580 -0.000229 -0.003289 -0.017486 0.920454
0.001029 -0.000740 -0.000254 -0.002055 -0.016786 0.874472
0.000300 -0.001369 0.000509 -0.001768 -0.017366 0.915027
-0.002174 -0.002849 -0.000194 -0.003689 -0.017135 0.909186
-0.001849 -0.002722 0.001664 -0.001909 -0.017535 0.932628
-0.003101 -0.002273 0.000893 -0.002021 -0.017049 0.905738
-0.002523 -0.002360 0.001109 -0.001974 -0.016915 0.896883
-0.003580 -0.002020 -0.000471 -0.003129 -0.017010 0.902034
-0.000716 -0.001372 0.000953 -0.001446 -0.017330 0.915008
-0.001327 -0.001067 -0.000157 -0.001941 -0.017167 0.909892
-0.000597 -0.001394 -0.000308 -0.002698 -0.017272 0.913685
-0.002475 -0.001329 0.001714 -0.001048 -0.016753 0.881841
-0.002593 -0.002444 0.001611 -0.001695 -0.017180 0.911506
-0.002802 -0.001702 0.001737 -0.001110 -0.018010 0.959764
-0.001311 -0.000654 0.001261 -0.000758 -0.018638 0.993251
-0.001142 -0.001334 0.000314 -0.002114 -0.017984 0.953593
-0.001980 -0.002007 0.000567 -0.002218 -0.017569 0.927715
-0.002093 -0.002798 0.000082 -0.003589 -0.017860 0.945416
-0.001221 -0.002268 0.000239 -0.002772 -0.017253 0.903886
-0.000444 -0.003063 -0.000009 -0.003643 -0.017159 0.895256
-0.001410 -0.002226 0.000270 -0.002537 -0.016874 0.879799
-0.002560 -0.003622 0.000836 -0.003093 -0.017665 0.936407
-0.002174 -0.004481 0.001211 -0.003238 -0.017795 0.942293
-0.000637 -0.007133 0.000224 -0.006597 -0.018195 0.969913
0.000389 -0.007043 0.001415 -0.004823 -0.018306 0.973286
0.000467 -0.008371 -0.001312 -0.012164 -0.018754 1.007711
-0.000124 -0.008196 0.000320 -0.007381 -0.018731 1.003282
-0.002861 -0.010183 0.000224 -0.009302 -0.017413 0.931630
-0.002877 -0.011921 0.001153 -0.008648 -0.017599 0.948979
-0.001378 -0.012635 0.000202 -0.011031 -0.018600 1.009669
0.000504 -0.013393 0.000693 -0.010596 -0.018850 1.015859
-0.000157 -0.013514 0.000467 -0.011230 -0.017999 0.961652
0.000120 -0.013446 0.001099 -0.010138 -0.018477 0.986127
-0.000979 -0.014972 0.000450 -0.012547 -0.018034 0.967597
-0.001768 -0.015483 0.000000 -0.014433 -0.017898 0.961545
-0.002061 -0.015504 -0.000854 -0.016973 -0.018163 0.984047
-0.000672 -0.016138 0.000604 -0.013253 -0.018786 1.022764
-0.002008 -0.015207 -0.000459 -0.015419 -0.018063 0.979158
-0.004281 -0.014543 -0.000054 -0.013312 -0.018034 0.981324
-0.004350 -0.015340 0.000638 -0.012734 -0.017726 0.964303
-0.001882 -0.016700 0.001842 -0.011245 -0.018343 1.003247
0.000750 -0.017421 0.002359 -0.010688 -0.019375 1.064835
-0.000405 -0.017552 0.001514 -0.012780 -0.018924 1.038342
-0.002156 -0.016267 0.000117 -0.014877 -0.018572 1.017914
-0.002366 -0.014852 0.000098 -0.013975 -0.017858 0.967532
-0.001965 -0.016103 0.000780 -0.013451 -0.018123 0.987220
-0.000468 -0.015924 -0.000029 -0.014902 -0.018839 1.026277
-0.001210 -0.015047 0.001547 -0.010427 -0.018349 0.993682
-0.000047 -0.014163 -0.000316 -0.014831 -0.018274 0.988567
-0.000175 -0.013246 -0.000090 -0.013236 -0.018175 0.980527
-0.000200 -0.011395 -0.000846 -0.013664 -0.019154 1.040953
-0.000975 -0.009205 -0.001238 -0.012230 -0.019790 1.081057
0.001146 -0.008698 -0.001159 -0.011259 -0.020277 1.104358
0.000691 -0.009544 -0.000987 -0.011465 -0.020348 1.110804
-0.002246 -0.008888 -0.001040 -0.010744 -0.019854 1.087581
-0.003331 -0.007986 -0.001486 -0.011228 -0.019561 1.069232
-0.001491 -0.007147 -0.001238 -0.010563 -0.019560 1.065724
-0.000711 -0.006078 -0.000740 -0.008153 -0.020033 1.090183
-0.002162 -0.005410 -0.001641 -0.009510 -0.019883 1.086842
-0.001069 -0.003738 -0.000743 -0.006107 -0.020130 1.097487
0.003005 -0.002553 -0.000065 -0.004221 -0.020041 1.080118
0.005392 -0.001709 -0.000493 -0.003894 -0.020666 1.116261
0.002827 -0.001014 -0.000513 -0.003368 -0.021336 1.164148
-0.000350 -0.000673 -0.000123 -0.002533 -0.021310 1.173395
-0.001761 -0.000544 0.000311 -0.001572 -0.021431 1.183083
-0.000931 -0.000528 0.000097 -0.001889 -0.021767 1.197814
0.000385 -0.000665 0.000551 -0.001458 -0.021855 1.197246
0.000337 -0.000677 0.000021 -0.002297 -0.021672 1.187051
0.000488 -0.001029 0.000186 -0.002336 -0.021796 1.193194
0.000713 -0.001623 0.001184 -0.001797 -0.021297 1.166501
-0.000529 -0.003329 0.001145 -0.002818 -0.021075 1.160388
-0.000802 -0.005212 0.001164 -0.003518 -0.021227 1.173265
0.000289 -0.007230 0.000991 -0.004876 -0.020946 1.153078
0.000725 -0.008659 0.000678 -0.006393 -0.020674 1.133800
-0.000214 -0.010548 0.001239 -0.006758 -0.020332 1.117132
-0.000259 -0.012133 -0.000470 -0.011758 -0.020628 1.139204
0.001018 -0.012323 -0.000318 -0.011290 -0.020620 1.136463
0.000231 -0.011742 -0.000457 -0.011293 -0.020912 1.151360
-0.001525 -0.012116 -0.001181 -0.013695 -0.020763 1.150011
-0.001029 -0.012697 0.000194 -0.010136 -0.020767 1.146864
0.000462 -0.013027 0.000206 -0.010506 -0.020772 1.142481
0.000394 -0.011375 0.000254 -0.008279 -0.021665 1.184695
-0.000231 -0.011317 -0.000396 -0.010883 -0.021034 1.151639
0.000672 -0.011387 -0.000816 -0.011893 -0.021400 1.172834
0.001121 -0.011332 -0.000922 -0.011988 -0.021360 1.167679
0.000524 -0.010256 -0.001363 -0.012283 -0.021041 1.151986
-0.000161 -0.008064 -0.001799 -0.010516 -0.021877 1.201813
0.000034 -0.006642 -0.000324 -0.006750 -0.020966 1.147200
0.000613 -0.005406 -0.000145 -0.005610 -0.021477 1.174472
0.000940 -0.004759 0.000979 -0.003787 -0.021635 1.180842
0.000673 -0.004732 0.000963 -0.003827 -0.021781 1.187402
0.000715 -0.005512 0.001095 -0.003994 -0.021957 1.198217
0.002083 -0.007514 0.000995 -0.005418 -0.021286 1.164583
0.002108 -0.004523 0.000536 -0.004306 -0.022112 1.205327
0.001553 -0.005687 -0.000204 -0.005760 -0.022461 1.230960
0.000757 -0.005878 -0.000056 -0.005540 -0.022323 1.221885
-0.001113 -0.008667 -0.000378 -0.008046 -0.020903 1.156321
-0.002867 -0.007212 -0.001041 -0.008088 -0.021348 1.182303
-0.001291 -0.005536 0.000008 -0.005330 -0.021197 1.167504
0.001452 -0.005138 0.000506 -0.004637 -0.021308 1.166364
0.003881 -0.004181 0.002283 -0.002440 -0.020951 1.144145
0.001419 -0.004112 0.002423 -0.002024 -0.021549 1.183244
0.000555 -0.001841 0.001981 -0.001286 -0.020896 1.149556
-0.000544 -0.000263 -0.000352 -0.002601 -0.021221 1.172020
-0.000916 0.002866 -0.000813 0.000437 -0.020586 1.137199
-0.000011 0.008504 -0.000829 0.003904 -0.019716 1.088633
-0.000454 0.009962 -0.001146 0.004929 -0.019321 1.065820
0.000094 0.008994 0.000141 0.006854 -0.019438 1.073537
-0.000639 0.007794 0.001361 0.008785 -0.019361 1.070333
0.000340 0.006120 0.002264 0.008430 -0.019599 1.078404
0.001173 0.003734 0.001471 0.004300 -0.019268 1.043274
0.002643 0.001792 0.001316 0.001285 -0.019241 1.028136
0.002416 -0.000720 0.001803 -0.000782 -0.018421 0.974357
0.001317 -0.004722 0.001724 -0.003394 -0.019024 1.019408
0.001059 -0.008910 0.001453 -0.005861 -0.018808 1.007956
0.001612 -0.011531 0.002806 -0.005661 -0.018415 0.986103
0.001328 -0.014032 0.002505 -0.007822 -0.018903 1.021683
0.000875 -0.016741 0.002142 -0.010611 -0.019161 1.046065
0.000355 -0.018803 0.002205 -0.012421 -0.019264 1.057303
0.001006 -0.021549 0.002530 -0.015125 -0.018752 1.028782
0.001634 -0.021095 0.002575 -0.014551 -0.019094 1.049188
0.001758 -0.023116 0.001100 -0.019110 -0.019470 1.077832
0.001151 -0.022690 0.000361 -0.020461 -0.019730 1.095283
0.001536 -0.025986 0.000085 -0.025095 -0.018909 1.050476
0.002602 -0.027537 0.000206 -0.026585 -0.018795 1.043585
0.000945 -0.026544 -0.001952 -0.031633 -0.018679 1.042642
0.000418 -0.027527 -0.001308 -0.031989 -0.017559 0.959563
-0.000392 -0.026986 -0.001031 -0.031002 -0.016659 0.888653
0.001436 -0.029899 -0.000862 -0.032992 -0.016920 0.914537
0.001104 -0.029439 0.000112 -0.029847 -0.017350 0.941471
0.000750 -0.028821 -0.000343 -0.030421 -0.016896 0.913881
0.002319 -0.026285 -0.001042 -0.029655 -0.017300 0.944916
-0.000087 -0.020913 -0.001304 -0.025361 -0.017590 0.965804
-0.003402 -0.015490 -0.004428 -0.027404 -0.017311 0.954677
-0.005030 -0.010411 -0.004839 -0.022299 -0.018614 1.036214
0.000244 -0.004022 -0.000961 -0.007337 -0.019898 1.086822
0.005346 -0.001205 -0.000971 -0.004394 -0.020005 1.076130
0.003823 0.000059 -0.000594 -0.002358 -0.020239 1.090347
0.000954 0.001828 -0.000986 -0.000535 -0.019993 1.082808
-0.000288 0.002591 -0.000198 0.000960 -0.020681 1.127068
-0.000390 0.001745 -0.000039 0.000650 -0.020792 1.131946
0.001649 0.002864 0.001014 0.002805 -0.021212 1.154835
0.003889 0.002164 0.000948 0.001646 -0.021309 1.153779
0.004005 0.001696 0.000585 0.001042 -0.021477 1.162293
0.001465 0.001229 0.000915 0.000817 -0.020571 1.119414
-0.001343 0.000590 -0.000301 -0.000953 -0.021446 1.179642
-0.002426 -0.000117 -0.001532 -0.003695 -0.020988 1.158155
-0.001332 -0.000216 -0.000589 -0.002643 -0.021544 1.184354
-0.000420 0.000130 -0.001020 -0.002879 -0.021716 1.190679
-0.000226 -0.000311 -0.000809 -0.003226 -0.021769 1.194951
0.000308 -0.000257 0.000700 -0.000708 -0.021960 1.203373
0.001469 -0.000438 0.000569 -0.001019 -0.022408 1.222617
0.002697 -0.001268 0.002139 -0.000540 -0.021724 1.187055
0.001758 -0.003323 0.001780 -0.002575 -0.020943 1.150551
-0.000501 -0.005917 0.002011 -0.003598 -0.020875 1.151933
-0.000259 -0.008160 0.001911 -0.004701 -0.020956 1.155478
0.000078 -0.009952 0.002276 -0.005290 -0.020186 1.111035
0.001297 -0.010189 0.001849 -0.005857 -0.020899 1.151780
0.001418 -0.009922 0.001571 -0.006025 -0.020853 1.143975
0.000712 -0.008607 0.000888 -0.006180 -0.020345 1.108779
-0.000131 -0.007726 0.001006 -0.005475 -0.020522 1.117754
-0.000393 -0.008396 0.000839 -0.006008 -0.020515 1.118581
0.000237 -0.008054 0.001049 -0.005397 -0.021192 1.156725
0.000873 -0.008093 -0.000412 -0.008104 -0.020928 1.140808
0.001403 -0.006826 -0.000020 -0.006488 -0.021615 1.174920
0.000995 -0.007367 -0.000010 -0.006578 -0.021847 1.189981
0.000034 -0.006872 -0.000541 -0.007692 -0.020997 1.141971
0.000341 -0.007192 -0.000357 -0.007848 -0.019721 1.059632
0.000857 -0.005422 0.000469 -0.004761 -0.020668 1.118366
0.002027 -0.004836 0.000901 -0.004087 -0.021138 1.148991
0.004901 -0.005191 0.000580 -0.004571 -0.021581 1.173061
0.005141 -0.004982 0.002618 -0.002584 -0.019907 1.067216
0.000789 -0.004550 0.000811 -0.004181 -0.020102 1.089275
-0.003056 -0.003903 -0.000282 -0.005088 -0.019412 1.061658
0.000232 -0.004015 -0.000038 -0.004992 -0.019930 1.082160
-0.000154 -0.002470 -0.000603 -0.005026 -0.020412 1.111272
-0.000531 -0.001951 -0.002212 -0.006544 -0.020581 1.124537
-0.002031 -0.001488 0.000556 -0.002167 -0.021269 1.166526
-0.003818 -0.002150 0.001965 -0.001155 -0.021156 1.169032
-0.001669 -0.000754 0.002069 -0.000075 -0.021576 1.180972
0.000317 -0.000535 0.001653 -0.000031 -0.022333 1.215778
-0.000807 -0.000856 0.000866 -0.000883 -0.022453 1.225596
0.000742 -0.000571 -0.000125 -0.002481 -0.021093 1.145691
0.000152 -0.000567 0.000267 -0.001746 -0.020968 1.143087
0.000139 -0.000686 0.000035 -0.002364 -0.020991 1.141954
-0.001004 -0.001222 -0.000222 -0.003532 -0.020227 1.103125
-0.001245 -0.001098 -0.000731 -0.004200 -0.020020 1.092438
-0.002164 -0.001331 -0.001282 -0.004874 -0.020755 1.141484
-0.001789 -0.000787 -0.000653 -0.003545 -0.021351 1.178821
-0.001904 -0.000051 -0.001904 -0.004030 -0.021980 1.215002
-0.001615 0.000494 -0.001493 -0.002652 -0.022505 1.242998
-0.001228 0.001180 -0.001277 -0.001564 -0.022066 1.222766
-0.001851 0.001755 -0.001103 -0.000598 -0.021875 1.218662
-0.002131 0.001330 -0.000954 -0.000756 -0.022361 1.238977
-0.002070 0.001511 -0.002199 -0.002175 -0.021691 1.206719
-0.002204 0.001569 -0.002155 -0.002046 -0.021179 1.174847
-0.001494 0.001306 -0.001787 -0.001899 -0.021499 1.184848
0.000306 0.001329 0.000014 0.000471 -0.021288 1.164696
0.000945 0.001403 -0.000173 0.000394 -0.021659 1.182540
-0.001005 0.000937 0.000077 0.000267 -0.021683 1.188209
-0.002522 0.000465 -0.000171 -0.000857 -0.021146 1.161434
-0.002414 0.000506 -0.000034 -0.000730 -0.020777 1.140787
-0.000488 0.000995 0.000074 0.000016 -0.021031 1.150622
0.000167 0.000671 -0.000034 -0.000823 -0.020416 1.116628
0.000417 0.000619 0.000627 -0.000015 -0.020211 1.106690
0.000011 0.000127 0.000479 -0.000819 -0.019984 1.094288
0.000224 -0.000016 0.002371 0.000151 -0.019824 1.085837
0.001901 -0.000316 0.000307 -0.001853 -0.020302 1.105763
-0.000250 0.000011 -0.000054 -0.001840 -0.020102 1.102903
-0.000916 -0.000388 0.000201 -0.001877 -0.019840 1.089610
-0.002557 -0.000532 -0.000286 -0.002758 -0.019399 1.068358
0.000233 -0.000220 -0.000092 -0.002198 -0.019556 1.068579
0.000086 -0.000521 -0.000051 -0.002439 -0.019224 1.048109
0.001471 -0.000576 0.000453 -0.001754 -0.018919 1.021003
-0.000739 -0.000727 -0.000209 -0.002832 -0.018725 1.013761
-0.000990 -0.001133 -0.000078 -0.003156 -0.018932 1.030099
-0.000709 -0.001412 -0.000353 -0.003661 -0.018044 0.965592
0.000198 -0.001298 -0.000275 -0.003667 -0.018014 0.962021
-0.000233 -0.001192 -0.001269 -0.004818 -0.018237 0.978612
-0.000939 -0.001029 -0.001714 -0.005171 -0.018376 0.990466
-0.002173 -0.000568 -0.001898 -0.004679 -0.018386 0.994845
-0.001930 -0.000099 -0.001636 -0.003908 -0.018769 1.019964
-0.002494 -0.000094 -0.001739 -0.003985 -0.018881 1.025600
-0.002558 -0.000250 -0.001279 -0.003507 -0.018273 0.985370
-0.003865 -0.000375 -0.000801 -0.002915 -0.018343 0.993877
-0.004122 -0.000754 0.000185 -0.001895 -0.018277 0.988154
-0.003282 -0.001245 -0.000821 -0.004002 -0.018114 0.976638
-0.001635 -0.000513 0.000728 -0.001199 -0.018182 0.975699
-0.000769 -0.000451 -0.000310 -0.002668 -0.018452 0.992215
-0.000663 -0.000614 -0.000234 -0.002714 -0.018216 0.976475
-0.000315 -0.001168 -0.000310 -0.003422 -0.017731 0.945487
0.000188 -0.000398 0.000014 -0.001960 -0.018124 0.969791
-0.000142 -0.000100 -0.000499 -0.002392 -0.018172 0.971069
0.000470 0.000407 -0.000300 -0.000933 -0.018004 0.953443
0.000609 0.000785 0.000546 0.000215 -0.017516 0.923166
0.001186 0.000971 0.002381 0.001151 -0.017792 0.941087
-0.000199 0.001088 0.000353 0.000340 -0.017273 0.911844
-0.000033 0.001045 0.000160 0.000183 -0.017267 0.912900
0.001247 0.001232 -0.000109 0.000111 -0.017538 0.925106
0.002545 0.001448 0.000189 0.000498 -0.017233 0.901039
0.002450 0.001616 -0.000371 0.000294 -0.016598 0.863167
0.001203 0.001522 -0.001255 -0.000416 -0.016141 0.827743
0.001489 0.001283 -0.000360 -0.000096 -0.016285 0.838584
0.001208 0.001405 -0.000212 0.000086 -0.015931 0.804551
0.001901 0.001851 0.000822 0.001134 -0.016177 0.826452
0.001157 0.002284 -0.000106 0.000877 -0.016414 0.847558
0.001191 0.003719 -0.000847 0.001229 -0.016238 0.831428
0.001891 0.007436 0.000773 0.009294 -0.016249 0.852730
0.001067 0.009840 -0.001133 0.007814 -0.015693 0.803886
-0.000917 0.012485 -0.002484 0.008165 -0.015316 0.770366
-0.003847 0.014385 -0.003231 0.008683 -0.015391 0.785139
-0.006394 0.016049 -0.001843 0.012321 -0.015652 0.835603
-0.003538 0.019226 -0.000451 0.017357 -0.015955 0.872278
0.000001 0.022212 -0.001281 0.018305 -0.016088 0.877063
-0.000836 0.023722 -0.001821 0.018371 -0.016190 0.890761
-0.001082 0.025795 -0.001611 0.020755 -0.015776 0.870979
-0.001849 0.027227 0.000480 0.026060 -0.016296 0.923339
0.000642 0.027615 0.000548 0.026906 -0.016172 0.908960
0.002604 0.029620 0.000764 0.029323 -0.016156 0.903674
0.002621 0.029242 -0.000449 0.026499 -0.016253 0.908126
0.001541 0.029969 0.000512 0.028991 -0.015834 0.883369
-0.000122 0.029286 0.000360 0.027777 -0.016528 0.931961
0.000158 0.027720 0.001169 0.028579 -0.015825 0.881148
-0.000418 0.027280 0.001999 0.029974 -0.015807 0.882364
0.000229 0.026138 0.001353 0.027917 -0.015768 0.872751
0.000844 0.026574 0.000634 0.026677 -0.015886 0.878970
0.000549 0.026883 0.000967 0.027672 -0.015589 0.860562
0.000837 0.026967 0.000549 0.026674 -0.015885 0.878075
0.001483 0.025604 0.000627 0.025614 -0.015695 0.862451
0.002177 0.024759 0.001762 0.026726 -0.016419 0.909876
0.001627 0.023318 0.001104 0.024692 -0.015461 0.836867
0.001446 0.022122 0.001422 0.024163 -0.015931 0.871600
0.000771 0.021776 0.000710 0.022325 -0.016105 0.877060
0.001721 0.021015 0.000336 0.021293 -0.016075 0.869328
0.001059 0.020016 0.000467 0.020389 -0.016700 0.908505
0.001134 0.020101 0.001272 0.022306 -0.016245 0.881597
0.001070 0.019094 0.000249 0.019246 -0.015704 0.838828
0.000409 0.019196 0.000267 0.019140 -0.016386 0.887534
-0.000674 0.018724 0.002292 0.022817 -0.015678 0.847126
-0.000569 0.020265 0.000924 0.021641 -0.016391 0.894168
0.001602 0.020384 0.000394 0.020983 -0.016095 0.870351
0.002531 0.021315 0.001416 0.024063 -0.016208 0.884276
0.003862 0.020341 0.000421 0.021084 -0.015995 0.865063
0.002785 0.021786 -0.000291 0.020770 -0.016257 0.882155
0.002702 0.022409 -0.001797 0.018844 -0.015361 0.804183
0.000154 0.022964 -0.001194 0.019990 -0.015731 0.849548
-0.001438 0.023259 0.000823 0.024293 -0.015346 0.835028
-0.002442 0.023452 -0.000386 0.021710 -0.015541 0.843682
-0.001021 0.024838 -0.000179 0.023360 -0.015668 0.852005
-0.000383 0.026558 0.000394 0.025998 -0.015479 0.847651
0.000416 0.027876 0.001431 0.029278 -0.015675 0.871024
0.000568 0.028580 0.001477 0.030066 -0.015645 0.869671
-0.000090 0.028448 0.000313 0.027562 -0.015492 0.854636
-0.000355 0.029482 0.001053 0.030149 -0.015644 0.871058
-0.000443 0.026963 0.001473 0.028962 -0.015722 0.872936
-0.000033 0.025492 0.001130 0.026714 -0.015410 0.842846
0.001910 0.023253 -0.000018 0.022544 -0.014731 0.764445
0.001107 0.021804 0.000911 0.022818 -0.014882 0.792508
-0.000985 0.022420 0.000625 0.022532 -0.015286 0.835733
-0.002155 0.021418 -0.000815 0.018753 -0.015498 0.842202
0.000506 0.020164 -0.000213 0.018881 -0.015230 0.819491
0.002659 0.019674 -0.001077 0.017161 -0.015242 0.799505
0.000806 0.019471 0.000847 0.020287 -0.015917 0.863893
-0.003664 0.020147 -0.000234 0.019034 -0.015568 0.842901
-0.005190 0.020800 -0.002213 0.015628 -0.016225 0.889341
-0.001517 0.023776 -0.001158 0.019958 -0.016683 0.921418
0.000320 0.024635 -0.000010 0.022758 -0.016818 0.932785
0.001489 0.023667 0.000844 0.024062 -0.016687 0.924514
0.001198 0.022873 0.001539 0.024971 -0.016136 0.890930
0.000121 0.022230 0.001566 0.024336 -0.016238 0.900465
0.000374 0.022558 0.002853 0.026722 -0.016294 0.909845
0.000656 0.023663 0.002671 0.027401 -0.016202 0.906294
0.000578 0.025061 0.001120 0.025426 -0.016888 0.947498
0.000709 0.025847 0.000813 0.025136 -0.017517 0.986500
0.002266 0.025632 0.000117 0.023255 -0.017470 0.977390
0.002725 0.026195 -0.000164 0.023109 -0.017783 0.998076
0.001785 0.026264 -0.000547 0.022403 -0.017826 1.001698
0.001215 0.025840 0.000145 0.023199 -0.017869 1.008493
-0.000332 0.025467 0.000318 0.023397 -0.017870 1.011842
0.000478 0.025493 0.000623 0.024074 -0.018057 1.022408
0.000593 0.025430 0.001370 0.025888 -0.017779 1.009180
0.000892 0.025488 0.002522 0.027748 -0.018142 1.037822
0.000286 0.025472 0.001391 0.025713 -0.018298 1.046440
0.000129 0.024518 0.001087 0.024206 -0.018360 1.046250
0.002342 0.023645 0.000867 0.023094 -0.018693 1.053185
0.001709 0.022994 -0.000429 0.019752 -0.018434 1.030687
0.000618 0.023765 0.000091 0.021243 -0.018837 1.063923
-0.001576 0.023160 -0.000726 0.019520 -0.018907 1.073902
-0.002132 0.022910 0.000039 0.020605 -0.019374 1.105750
-0.000825 0.022951 0.000438 0.021323 -0.020166 1.149927
0.001292 0.025059 -0.000091 0.021795 -0.020645 1.171946
0.001567 0.024721 0.000166 0.022214 -0.020736 1.178289
0.001665 0.024775 0.000108 0.022210 -0.020534 1.164055
0.000607 0.024158 0.000240 0.021727 -0.020533 1.164917
-0.000323 0.022645 0.000396 0.020962 -0.020217 1.148156
-0.001568 0.022840 -0.001439 0.016768 -0.020243 1.146929
0.000720 0.022197 0.001096 0.022099 -0.019459 1.096503
0.003209 0.021918 -0.000184 0.019456 -0.019140 1.061430
0.001321 0.022726 -0.000392 0.019323 -0.019473 1.090687
0.000060 0.022828 -0.000884 0.018354 -0.019359 1.083855
0.001842 0.023034 -0.001528 0.017910 -0.018831 1.044390
0.003635 0.021109 -0.000100 0.019290 -0.018230 1.001387
0.003180 0.020668 -0.001438 0.016342 -0.018033 0.983844
-0.000488 0.020383 -0.000092 0.018501 -0.018183 1.008530
-0.000673 0.020287 0.000353 0.019309 -0.018524 1.040383
-0.000085 0.019573 0.001379 0.021145 -0.018423 1.032359
-0.000572 0.016821 0.000809 0.017211 -0.018779 1.047310
-0.000727 0.015198 0.002986 0.019777 -0.018995 1.065860
0.001351 0.012025 0.002208 0.015453 -0.019103 1.053919
0.002090 0.010194 0.002699 0.014209 -0.020014 1.106022
0.000161 0.006934 0.003082 0.011863 -0.019123 1.045408
-0.000963 0.005093 0.003567 0.010223 -0.019805 1.087158
-0.000987 0.003375 0.003418 0.007179 -0.020206 1.106122
-0.000587 0.002320 0.002708 0.004379 -0.020986 1.143110
-0.000436 0.000806 0.001533 0.001015 -0.021213 1.147977
-0.000873 0.000508 0.000059 -0.000372 -0.021254 1.156360
-0.002423 0.000972 -0.000697 -0.000849 -0.021193 1.163771
-0.002380 0.001496 -0.000029 0.000751 -0.021809 1.200661
0.000188 0.001012 0.000479 0.000620 -0.021335 1.169840
0.002887 0.000159 -0.000566 -0.001908 -0.020662 1.116248
0.001871 0.000176 -0.000111 -0.001239 -0.021249 1.151176
0.001392 0.000188 -0.000458 -0.001941 -0.021498 1.164128
0.000196 0.000768 -0.000058 -0.000284 -0.021892 1.186801
-0.000809 0.000446 -0.000188 -0.001073 -0.021329 1.161378
-0.001452 0.000592 0.000192 -0.000047 -0.021594 1.175385
-0.000504 0.000420 -0.000167 -0.001015 -0.021892 1.189792
-0.000373 0.000571 0.000105 0.000192 -0.022910 1.241635
0.000395 0.000368 0.000198 -0.000170 -0.022206 1.204674
0.000774 0.000444 -0.000212 -0.000878 -0.022145 1.202965
0.002282 0.000443 0.000576 0.000140 -0.021293 1.149743
0.003101 0.000608 0.001564 0.000842 -0.021762 1.174735
-0.000297 0.000478 -0.001028 -0.002270 -0.021583 1.173418
-0.000848 0.000504 -0.000460 -0.001222 -0.022386 1.218633
0.000148 0.000780 -0.002068 -0.002815 -0.022922 1.242987
0.005825 0.000802 -0.000102 -0.000362 -0.021961 1.183646
0.005108 -0.000360 0.000600 -0.000959 -0.022620 1.220727
0.003273 0.000076 0.000474 -0.000534 -0.022363 1.207913
-0.001928 0.000478 0.000220 -0.000012 -0.022399 1.221969
-0.002651 0.000624 0.000577 0.000491 -0.022245 1.215808
0.000282 0.000294 -0.000031 -0.000785 -0.022468 1.216520
0.001440 0.000126 -0.000624 -0.002183 -0.022039 1.192256
0.000320 -0.000065 -0.000262 -0.002087 -0.021938 1.189661
-0.000182 0.000185 -0.000087 -0.001043 -0.022494 1.218741
0.000938 0.000378 0.000615 0.000288 -0.022351 1.207343
0.001747 0.000154 0.000923 0.000176 -0.022139 1.194715
0.001093 -0.000342 -0.000215 -0.002338 -0.021579 1.165461
0.001335 -0.000097 0.000426 -0.000934 -0.021795 1.178551
-0.000512 0.000278 0.000364 -0.000027 -0.022239 1.206612
-0.000160 0.000550 -0.000477 -0.001224 -0.022699 1.228945
0.001356 0.000715 -0.001338 -0.002210 -0.022246 1.203327
0.003150 0.001059 -0.002330 -0.002967 -0.021325 1.151263
0.000865 0.000523 -0.000810 -0.001870 -0.022407 1.214004
-0.000526 0.000495 -0.001935 -0.003110 -0.023031 1.247978
0.001707 0.000076 0.000235 -0.000281 -0.023716 1.274150
0.001456 0.000054 0.001258 0.000578 -0.023238 1.251063
0.000835 -0.000177 0.002504 0.001091 -0.023565 1.268584
-0.000079 0.000239 0.000960 0.000759 -0.023486 1.266194
-0.000364 0.000474 0.000562 0.000626 -0.022919 1.242382
-0.000475 0.000165 -0.000146 -0.000700 -0.023515 1.272117
0.000131 0.000346 0.000335 0.000495 -0.023381 1.264250
0.000655 0.000652 -0.000129 0.000056 -0.023656 1.272319
0.003251 0.000606 0.002207 0.001732 -0.023941 1.281434
0.001661 -0.000271 0.001887 0.000832 -0.024021 1.290748
0.002616 -0.000440 0.001644 0.000611 -0.024230 1.297842
0.001725 -0.000315 0.000902 0.000284 -0.024109 1.296836
-0.004411 -0.001263 -0.001889 -0.004163 -0.023924 1.305849
-0.004308 -0.001127 -0.000665 -0.002569 -0.023762 1.305155
0.001691 -0.001079 -0.000791 -0.003391 -0.023928 1.298129
0.002939 -0.001770 0.001164 -0.001330 -0.023650 1.277510
0.002211 -0.001648 -0.000398 -0.003496 -0.022716 1.229041
0.002500 -0.001061 -0.000061 -0.002458 -0.022790 1.229435
0.001446 -0.000813 -0.000322 -0.002769 -0.022370 1.210145
-0.001028 -0.000515 -0.000229 -0.001853 -0.023256 1.263108
-0.000897 -0.000384 0.000571 -0.000311 -0.023133 1.257564
0.000807 -0.000086 0.001030 0.000363 -0.023267 1.258992
0.001764 0.000554 0.000454 0.000669 -0.023455 1.260769
0.002517 0.001341 0.001139 0.001702 -0.023463 1.261074
0.002436 0.001901 0.001261 0.002571 -0.023752 1.275458
0.001836 0.002094 0.002096 0.003369 -0.023214 1.251778
0.000243 0.002474 0.000777 0.002733 -0.023095 1.250678
-0.000362 0.002637 0.000949 0.003001 -0.023029 1.250567
-0.001146 0.002725 -0.000414 0.001339 -0.022818 1.241762
0.000350 0.002858 0.000991 0.003160 -0.022751 1.235562
0.001593 0.001892 0.000389 0.001529 -0.022869 1.235927
0.003648 0.001716 0.001817 0.002324 -0.022788 1.230819
0.002107 0.001771 0.000333 0.001304 -0.022661 1.227141
0.000869 0.001655 -0.000278 0.000780 -0.022994 1.245193
-0.000855 0.001300 -0.000406 0.000204 -0.023070 1.252915
-0.000413 0.001572 -0.000781 -0.000102 -0.022933 1.247178
-0.000706 0.001563 -0.000265 0.000743 -0.022799 1.241623
0.000176 0.001596 0.000413 0.001386 -0.022595 1.229313
-0.000972 0.001135 -0.000285 0.000103 -0.022627 1.235470
-0.000378 0.001011 0.000038 0.000567 -0.022595 1.230318
0.000854 0.000977 0.000118 0.000464 -0.022318 1.211689
0.002493 0.001413 -0.000497 0.000188 -0.022493 1.214315
0.002561 0.001497 -0.001120 -0.000720 -0.022285 1.204033
0.000959 0.000535 -0.000167 -0.000582 -0.022719 1.228420
0.000717 0.000105 0.000215 -0.000529 -0.022513 1.219344
0.000769 -0.000628 0.000214 -0.001346 -0.023134 1.253384
0.001069 -0.001226 0.000658 -0.001847 -0.022312 1.211708
0.001304 -0.003324 0.000781 -0.003375 -0.022009 1.199439
0.000853 -0.005806 0.000201 -0.005429 -0.021526 1.174804
0.000934 -0.010982 0.000543 -0.008323 -0.020151 1.099713
0.001315 -0.015976 0.000168 -0.014261 -0.019401 1.064224
0.002050 -0.017553 0.000569 -0.015339 -0.019192 1.055825
0.003049 -0.018678 0.000453 -0.017768 -0.018113 0.976664
0.001979 -0.019697 -0.001911 -0.024614 -0.018230 0.994464
0.003318 -0.020896 -0.001314 -0.023890 -0.018629 1.020278
0.004275 -0.021815 0.001036 -0.019344 -0.018448 1.004217
0.001182 -0.022447 -0.000744 -0.024829 -0.018017 0.989150
0.001691 -0.023036 0.001771 -0.019074 -0.017692 0.962224
0.000230 -0.021026 0.000486 -0.020001 -0.016933 0.910083
-0.000347 -0.021199 -0.000352 -0.022285 -0.017444 0.946818
-0.002354 -0.021762 -0.000913 -0.024331 -0.017498 0.958587
-0.001068 -0.023747 -0.000708 -0.025558 -0.017888 0.990007
-0.000637 -0.023421 -0.001887 -0.028913 -0.017693 0.978809
0.000780 -0.023352 -0.000793 -0.025853 -0.017502 0.962212
0.001029 -0.024212 -0.001268 -0.028044 -0.017204 0.947004
0.000971 -0.025308 -0.000528 -0.026804 -0.016899 0.927145
0.001009 -0.026525 0.001489 -0.022521 -0.017163 0.946842
0.002348 -0.027072 0.001188 -0.023487 -0.017810 0.985789
0.005051 -0.028104 0.004222 -0.018627 -0.016892 0.910476
0.005108 -0.028031 0.002923 -0.021374 -0.017490 0.953217
0.002407 -0.029203 0.001855 -0.024141 -0.017970 0.995251
0.000901 -0.029772 0.001464 -0.025853 -0.017463 0.966282
0.000363 -0.030657 0.000522 -0.028408 -0.017574 0.979096
0.000589 -0.032086 0.000584 -0.029986 -0.017294 0.963780
0.000057 -0.031163 -0.000188 -0.031378 -0.017206 0.953648
-0.000780 -0.030740 -0.001914 -0.035997 -0.016958 0.938544
-0.000043 -0.031373 -0.000904 -0.034288 -0.017038 0.941628
0.003235 -0.029879 -0.003502 -0.038613 -0.017288 0.949754
0.002707 -0.029102 -0.001806 -0.033995 -0.017607 0.969488
0.003036 -0.029481 -0.001760 -0.034047 -0.017681 0.976155
0.002498 -0.028966 -0.002640 -0.035806 -0.017729 0.980469
0.002332 -0.029252 -0.002385 -0.035924 -0.016877 0.921002
-0.000634 -0.030639 -0.001308 -0.034678 -0.016777 0.925952
-0.000992 -0.031801 -0.001409 -0.035902 -0.016892 0.944947
-0.000201 -0.031557 -0.000719 -0.033754 -0.016814 0.937772
0.004007 -0.030254 -0.001697 -0.035068 -0.016511 0.897228
0.003725 -0.029272 0.001775 -0.025368 -0.016664 0.901796
0.001166 -0.028967 -0.000947 -0.032099 -0.016948 0.935319
-0.002336 -0.027938 -0.001144 -0.031411 -0.016496 0.910415
-0.002691 -0.027616 -0.001436 -0.031867 -0.016672 0.924878
-0.002150 -0.027872 -0.000414 -0.028807 -0.016803 0.929632
-0.000197 -0.025688 -0.001456 -0.029455 -0.017686 0.984860
0.000808 -0.025109 -0.002195 -0.030793 -0.017506 0.970524
0.001075 -0.024535 0.000025 -0.023859 -0.017810 0.983821
0.000396 -0.020788 -0.001370 -0.023911 -0.018149 0.995908
0.001305 -0.018003 -0.003480 -0.025956 -0.018247 0.995910
0.001487 -0.015943 -0.000865 -0.017602 -0.019124 1.038756
0.001434 -0.013074 -0.002269 -0.017679 -0.020175 1.103199
0.000837 -0.010766 -0.001205 -0.012394 -0.021033 1.151541
0.000917 -0.010894 -0.000582 -0.010379 -0.021441 1.176679
0.002478 -0.010002 -0.000205 -0.008801 -0.021179 1.155175
0.003884 -0.009248 0.000269 -0.007694 -0.021258 1.152119
0.002574 -0.007242 0.000814 -0.005723 -0.021158 1.144088
0.000196 -0.005685 -0.000052 -0.005700 -0.021492 1.171501
-0.000523 -0.003633 0.000725 -0.003642 -0.020661 1.124267
-0.000366 -0.002448 -0.000110 -0.004248 -0.020361 1.107152
-0.001848 -0.002039 0.000205 -0.003424 -0.020349 1.109138
-0.000342 -0.001181 -0.001281 -0.004996 -0.020356 1.111105
-0.000088 -0.000913 -0.000589 -0.003866 -0.021179 1.162787
0.000106 -0.000321 -0.000828 -0.003414 -0.020929 1.149179
0.002505 -0.000047 -0.001489 -0.003647 -0.020722 1.132687
0.002433 0.000133 0.000333 -0.000973 -0.020507 1.120347
0.002443 0.000528 0.000234 -0.000365 -0.019946 1.083114
0.000435 0.001228 -0.000363 -0.000299 -0.021035 1.152370
-0.000893 0.002070 -0.000926 -0.000128 -0.020262 1.109986
-0.001272 0.004136 -0.001073 0.001196 -0.020595 1.130957
-0.000970 0.005924 -0.001248 0.002231 -0.020086 1.103626
-0.001019 0.007314 -0.001497 0.003063 -0.020092 1.103390
-0.000006 0.008696 -0.000222 0.006688 -0.020062 1.100156
0.001811 0.009993 -0.000210 0.008354 -0.019744 1.078809
0.003585 0.010376 -0.000132 0.009115 -0.019572 1.061225
0.002263 0.012283 -0.000429 0.010709 -0.018867 1.018903
0.002654 0.015027 0.002452 0.018849 -0.019798 1.099590
0.002589 0.015255 0.001686 0.018133 -0.019257 1.062128
0.002886 0.015091 0.002677 0.019837 -0.019255 1.061840
0.001891 0.014586 0.001649 0.017181 -0.019351 1.062506
0.001982 0.015586 0.002808 0.020932 -0.018296 1.000482
0.005282 0.016077 0.002716 0.021476 -0.018303 0.995718
0.008342 0.016374 0.004277 0.024550 -0.017201 0.938022
0.012870 0.016015 0.002513 0.021015 -0.015432 0.807826
0.011435 0.018652 -0.000626 0.018053 -0.015637 0.815879
0.008042 0.021428 0.000946 0.023490 -0.015284 0.810678
0.002360 0.022289 0.000411 0.022968 -0.015195 0.804394
-0.000875 0.026115 -0.002876 0.019652 -0.015201 0.792379
-0.001669 0.027767 0.001366 0.029545 -0.014540 0.758314
-0.002755 0.029968 0.003843 0.036062 -0.014024 0.734021
-0.002077 0.033119 0.005050 0.040648 -0.013638 0.717330
0.003137 0.036240 0.003404 0.040398 -0.013567 0.706673
0.007666 0.037519 0.004158 0.042769 -0.013468 0.706264
0.008463 0.038671 0.002663 0.041815 -0.013273 0.687066
0.007829 0.038896 0.000770 0.038549 -0.013300 0.676114
0.005398 0.039912 0.000096 0.038625 -0.012981 0.643519
0.000292 0.040646 0.001814 0.042717 -0.012721 0.632095
-0.003250 0.041049 0.000567 0.040739 -0.012693 0.618860
-0.004698 0.041616 0.000319 0.040322 -0.012895 0.643958
-0.002060 0.043298 0.002068 0.044649 -0.013083 0.683677
0.000752 0.043851 0.006630 0.052896 -0.013043 0.699535
0.001043 0.043775 0.004376 0.048872 -0.013350 0.708618
0.002506 0.042486 0.000343 0.040186 -0.013713 0.712735
0.003037 0.039928 0.003593 0.043777 -0.013818 0.732604
0.002544 0.035982 0.006026 0.044228 -0.013923 0.741537
0.001128 0.033285 0.004025 0.038601 -0.014501 0.785761
-0.001303 0.030089 0.001130 0.030869 -0.014924 0.809427
-0.002831 0.026281 0.000140 0.025722 -0.014832 0.779931
-0.001317 0.024537 0.001228 0.026243 -0.015127 0.812045
-0.000450 0.022038 0.002243 0.026151 -0.014900 0.788258
-0.000514 0.022144 0.000885 0.023794 -0.015113 0.798013
-0.000809 0.022859 0.002365 0.027158 -0.014709 0.775539
-0.001265 0.022479 0.001091 0.024378 -0.014846 0.786197
-0.000337 0.024178 0.002763 0.028960 -0.014509 0.765850
0.000010 0.025087 0.000914 0.026412 -0.014898 0.799440
-0.000188 0.027521 -0.001521 0.023711 -0.014722 0.765983
0.000939 0.029798 -0.000296 0.027710 -0.014692 0.780557
0.001662 0.032599 0.000095 0.031086 -0.014781 0.796807
0.003052 0.032757 0.001992 0.034558 -0.014817 0.811208
0.001220 0.036794 0.000669 0.035796 -0.014267 0.748529
-0.000088 0.038590 0.001172 0.038814 -0.013772 0.712720
-0.001567 0.041035 0.004179 0.046628 -0.013346 0.703733
0.000159 0.040725 0.004802 0.047214 -0.013402 0.708896
0.001468 0.040686 0.002510 0.043050 -0.013560 0.714941
0.001311 0.041904 0.000317 0.040072 -0.013397 0.697596
0.000617 0.042134 0.000408 0.040504 -0.013194 0.685939
-0.000395 0.041534 0.002319 0.043853 -0.012878 0.673274
-0.000769 0.041370 0.003178 0.045199 -0.012705 0.664043
-0.001671 0.043396 0.003052 0.046399 -0.012758 0.671820
-0.000301 0.040450 0.002194 0.042524 -0.012967 0.676119
0.000735 0.038061 0.001340 0.038749 -0.013102 0.675914
0.002716 0.035748 0.001119 0.036418 -0.013376 0.687156
0.003080 0.034482 0.002393 0.037389 -0.013522 0.697896
0.002815 0.032240 0.002615 0.035956 -0.013613 0.700580
0.001088 0.030732 0.002412 0.034510 -0.013516 0.691659
-0.000449 0.030249 0.001324 0.031990 -0.013711 0.700397
0.000064 0.030851 0.002262 0.034133 -0.013662 0.701912
-0.000095 0.029687 0.003619 0.035417 -0.013711 0.706862
-0.000329 0.031124 0.002161 0.034222 -0.013703 0.702257
-0.000610 0.031529 0.003362 0.036576 -0.013654 0.704265
0.001804 0.031434 0.001105 0.032629 -0.013631 0.693168
0.004524 0.034158 0.002609 0.037096 -0.013649 0.710874
0.004371 0.036598 0.000379 0.035302 -0.013600 0.697791
0.001293 0.036421 0.001139 0.036759 -0.013634 0.701409
-0.002435 0.034990 0.001426 0.036270 -0.013461 0.686052
-0.003766 0.033562 0.002002 0.035862 -0.013732 0.710427
0.000132 0.033360 -0.001659 0.028685 -0.014085 0.721283
0.001909 0.033707 -0.000439 0.031558 -0.013823 0.707266
0.003636 0.032906 -0.001841 0.028063 -0.014224 0.737218
0.002335 0.031441 -0.001369 0.027510 -0.014257 0.730704
0.001513 0.030760 -0.000024 0.029432 -0.014232 0.733554
0.001631 0.028136 0.000300 0.027421 -0.014632 0.774340
0.001744 0.027125 0.001460 0.028915 -0.014857 0.793724
0.001626 0.025896 0.000892 0.026611 -0.015132 0.811207
0.002101 0.021867 0.001984 0.025581 -0.014741 0.772633
0.002343 0.020144 0.000173 0.020803 -0.014956 0.772351
0.003504 0.018176 -0.000921 0.017141 -0.015094 0.773190
0.003421 0.016336 0.000118 0.017126 -0.015325 0.798558
0.000984 0.014819 0.000549 0.017049 -0.015152 0.781749
0.000481 0.013914 -0.000637 0.013360 -0.015560 0.814272
-0.000192 0.012706 0.000304 0.014010 -0.015556 0.819710
-0.001269 0.010590 0.000629 0.012413 -0.015965 0.852371
-0.001003 0.008772 0.002109 0.013000 -0.016770 0.910364
0.000176 0.005298 0.001114 0.006684 -0.017836 0.959625
0.001959 0.003012 0.000740 0.002945 -0.017516 0.927274
0.003516 0.001846 0.000068 0.000712 -0.017868 0.940867
0.001591 0.001509 0.001104 0.001015 -0.017772 0.938320
-0.002289 0.001592 0.001111 0.001259 -0.017819 0.953537
-0.003504 0.000858 0.000822 0.000142 -0.018378 0.990851
-0.001983 0.000605 0.000907 0.000029 -0.018202 0.976257
-0.000230 0.000560 0.001224 0.000153 -0.018174 0.971716
0.001214 0.000793 0.001994 0.000699 -0.018552 0.990064
0.000859 0.000960 -0.000702 -0.001007 -0.018489 0.985773
0.001096 0.001050 -0.000045 -0.000101 -0.018198 0.967072
0.000223 0.000981 0.000859 0.000419 -0.018305 0.973267
-0.000564 0.001229 0.000667 0.000578 -0.018123 0.963120
-0.000323 0.001203 0.000455 0.000409 -0.018439 0.981633
0.000507 0.001082 0.000663 0.000526 -0.017917 0.945167
-0.000137 0.000849 0.001061 0.000502 -0.017337 0.912549
-0.000545 0.000901 0.001097 0.000552 -0.017283 0.908690
0.000358 0.000642 0.001182 0.000316 -0.017012 0.888345
0.000013 0.000470 -0.000018 -0.000564 -0.017251 0.903681
-0.000467 0.000600 0.000519 -0.000113 -0.017730 0.935332
-0.001608 0.000727 -0.000278 -0.000545 -0.018041 0.958572
0.003149 0.000491 0.000089 -0.000394 -0.017652 0.915226
0.001052 0.000374 0.000118 -0.000470 -0.017086 0.883655
0.000680 0.000374 0.000289 -0.000350 -0.017617 0.918590
-0.003266 -0.000165 0.001821 -0.000127 -0.018352 0.983657
0.001428 -0.001122 0.000225 -0.002153 -0.018096 0.950303
0.000928 -0.002425 0.000048 -0.003582 -0.017864 0.936469
0.002985 -0.003306 -0.001383 -0.006672 -0.018065 0.947352
0.002301 -0.003270 -0.001890 -0.007371 -0.017591 0.920813
0.003409 -0.004141 -0.000633 -0.005782 -0.017002 0.883344
0.003241 -0.006143 -0.001930 -0.011162 -0.016884 0.878101
0.005777 -0.006227 -0.001718 -0.010261 -0.017234 0.895072
0.004921 -0.006895 -0.002304 -0.012657 -0.017545 0.918372
0.001427 -0.007468 -0.002934 -0.015324 -0.017927 0.953426
-0.000122 -0.008462 -0.003303 -0.017101 -0.018358 0.987092
-0.001736 -0.009930 -0.001511 -0.014150 -0.018570 1.006264
-0.002431 -0.011636 -0.001393 -0.015323 -0.018547 1.006366
-0.002977 -0.013732 -0.000130 -0.013795 -0.017985 0.966778
-0.000275 -0.017036 0.001513 -0.012962 -0.018213 0.980914
0.001486 -0.018087 0.000237 -0.017450 -0.017487 0.937655
0.005443 -0.017618 -0.000074 -0.018688 -0.016473 0.859018
0.003394 -0.016900 -0.001445 -0.021446 -0.016507 0.868486
0.002351 -0.015242 -0.001003 -0.018930 -0.016538 0.873250
-0.000721 -0.013680 -0.000460 -0.015672 -0.016777 0.887319
-0.001303 -0.014581 0.000297 -0.014611 -0.016529 0.872591
-0.000557 -0.014426 0.000386 -0.014093 -0.016803 0.890228
0.000738 -0.015614 0.000347 -0.015726 -0.016775 0.883022
-0.000816 -0.014106 -0.002642 -0.022070 -0.017142 0.917343
-0.001977 -0.013081 -0.003107 -0.022201 -0.017106 0.918030
-0.001891 -0.013965 -0.002497 -0.021187 -0.017749 0.961674
-0.000709 -0.014711 -0.000965 -0.017943 -0.017686 0.955179
-0.000166 -0.014940 -0.001529 -0.019909 -0.017731 0.956656
0.000353 -0.014860 -0.000887 -0.017896 -0.017331 0.927231
-0.000831 -0.015430 -0.000593 -0.017206 -0.017223 0.922960
-0.001724 -0.016611 -0.001013 -0.019475 -0.016583 0.883558
-0.002517 -0.015716 -0.001459 -0.019959 -0.016461 0.873785
0.000127 -0.015421 0.000082 -0.015768 -0.016464 0.865252
0.000404 -0.014492 0.000447 -0.013903 -0.016848 0.893888
0.002843 -0.013765 0.000034 -0.014504 -0.016927 0.894151
0.002633 -0.012762 -0.000371 -0.014461 -0.017220 0.911595
0.001698 -0.013743 -0.000448 -0.015682 -0.017309 0.925928
0.000487 -0.011162 -0.000894 -0.014523 -0.017573 0.942704
0.000282 -0.010442 -0.000561 -0.012719 -0.017809 0.953877
0.001660 -0.011126 -0.000883 -0.013842 -0.018279 0.979555
0.002061 -0.010077 -0.001698 -0.015363 -0.017100 0.905506
0.000508 -0.010854 -0.000703 -0.013829 -0.016979 0.901243
0.000291 -0.010706 -0.000041 -0.011106 -0.017500 0.934042
-0.000690 -0.009169 0.000076 -0.009190 -0.017391 0.924621
-0.002090 -0.008857 -0.000726 -0.010830 -0.017331 0.924690
-0.001765 -0.007574 -0.001836 -0.012910 -0.017598 0.936854
0.000728 -0.007569 -0.001048 -0.011304 -0.017380 0.917794
0.001217 -0.007068 -0.000885 -0.010142 -0.017286 0.909853
0.000103 -0.006560 -0.001730 -0.011655 -0.017019 0.898247
-0.000415 -0.007421 -0.001804 -0.012986 -0.017185 0.911659
-0.000608 -0.005981 -0.001119 -0.009732 -0.017324 0.915357
-0.000859 -0.007083 -0.001504 -0.011819 -0.017776 0.948379
-0.001775 -0.007455 -0.001177 -0.011251 -0.017518 0.935432
-0.000116 -0.007868 -0.001183 -0.012014 -0.017724 0.946469
0.001023 -0.006761 -0.000535 -0.008886 -0.018437 0.986424
0.003338 -0.006126 -0.000829 -0.008615 -0.018274 0.969671
0.003243 -0.006779 -0.001045 -0.009881 -0.017796 0.942314
0.002527 -0.007071 -0.000304 -0.008518 -0.017432 0.926529
0.002096 -0.007689 -0.000124 -0.008818 -0.017083 0.907666
0.002275 -0.007980 -0.001115 -0.012139 -0.017203 0.917983
0.004142 -0.007186 -0.000131 -0.008233 -0.016974 0.900258
0.005437 -0.005677 -0.002302 -0.011648 -0.016041 0.829889
0.009685 -0.004067 -0.001927 -0.007197 -0.015550 0.763129
0.010858 -0.003563 -0.002695 -0.007813 -0.015927 0.808115
0.008893 -0.004371 -0.002515 -0.009139 -0.015750 0.790631
0.006979 -0.003096 -0.001779 -0.005449 -0.015399 0.743046
0.007353 -0.002230 0.000438 -0.002570 -0.015436 0.743847
0.009020 -0.001123 0.001750 -0.001165 -0.015711 0.774454
0.007855 0.000131 0.000986 -0.000293 -0.015251 0.725206
0.003742 0.000921 0.002171 0.001696 -0.014764 0.688790
-0.001536 0.001282 0.002191 0.002189 -0.014663 0.687936
-0.004716 0.005252 0.003388 0.010960 -0.014597 0.712332
-0.000414 0.010576 0.002914 0.017933 -0.013728 0.641435
0.002229 0.014889 0.001528 0.020332 -0.013458 0.597965
0.001052 0.019716 0.001089 0.024216 -0.013049 0.561966
-0.000826 0.024711 0.003135 0.032277 -0.012706 0.540435
-0.006490 0.031076 0.005192 0.040685 -0.012261 0.506318
-0.007393 0.036208 0.001836 0.039663 -0.012183 0.485871
-0.005304 0.037988 0.003715 0.044588 -0.011967 0.484387
-0.002364 0.039158 0.003097 0.044386 -0.011959 0.499043
-0.003094 0.041189 0.002809 0.045511 -0.011983 0.515266
-0.004054 0.041956 0.002439 0.045505 -0.012111 0.534127
-0.003384 0.042831 0.002703 0.046627 -0.012187 0.562701
-0.001432 0.043590 0.002241 0.046175 -0.012431 0.613155
-0.001371 0.044618 -0.001100 0.041070 -0.012475 0.582519
-0.000984 0.044505 -0.002192 0.039206 -0.012418 0.555228
-0.003402 0.043901 -0.000188 0.042103 -0.012340 0.555579
-0.005832 0.045021 0.000055 0.043267 -0.012397 0.574869
-0.004133 0.047290 -0.001023 0.042745 -0.012475 0.593021
-0.001332 0.047001 -0.003278 0.038827 -0.012645 0.599182
-0.000520 0.046805 -0.001675 0.041374 -0.012681 0.619202
0.001470 0.044431 -0.000021 0.042805 -0.012472 0.586653
-0.000463 0.044908 0.002059 0.046955 -0.012299 0.589449
-0.000620 0.043896 0.001532 0.044921 -0.012318 0.580632
-0.001257 0.041615 0.000619 0.041209 -0.012554 0.591970
0.000429 0.038657 0.001038 0.039353 -0.012781 0.611517
0.001392 0.035624 0.000088 0.034420 -0.013391 0.661386
0.002952 0.033200 0.004431 0.039890 -0.013302 0.669152
0.002961 0.030102 0.004402 0.036596 -0.013768 0.701130
0.002173 0.027017 0.005454 0.036011 -0.014049 0.719421
0.002015 0.023426 0.004179 0.030969 -0.014391 0.733026
0.000366 0.020917 0.000892 0.023007 -0.015006 0.762270
0.000697 0.019544 0.000943 0.022235 -0.014818 0.741494
0.000852 0.017629 0.000245 0.019220 -0.014988 0.751780
0.000331 0.016051 0.000517 0.018320 -0.014847 0.738962
0.001220 0.013834 0.000862 0.017051 -0.015150 0.761388
-0.000167 0.009530 0.001496 0.013553 -0.015433 0.794196
0.000127 0.005332 0.001774 0.008505 -0.016112 0.846902
-0.000781 -0.000144 0.002766 0.000209 -0.016316 0.852520
-0.001686 -0.004484 0.000694 -0.003877 -0.016431 0.859906
-0.001420 -0.005287 -0.001845 -0.010233 -0.016580 0.868822
0.000285 -0.004106 -0.002337 -0.009539 -0.017177 0.900065
0.000711 -0.002341 -0.002572 -0.007271 -0.016720 0.866591
0.000163 -0.000882 -0.000078 -0.002051 -0.017322 0.905742
-0.000622 -0.001154 -0.000302 -0.002373 -0.016389 0.848127
-0.000040 -0.001514 -0.000296 -0.003012 -0.016646 0.865071
0.001335 -0.001166 0.001116 -0.001386 -0.016884 0.877585
0.000474 -0.000722 -0.000072 -0.001742 -0.016776 0.870150
0.000358 -0.000842 -0.000311 -0.002467 -0.017174 0.896794
0.001346 -0.001821 0.000468 -0.002476 -0.017393 0.912806
0.003144 -0.002316 0.001036 -0.002563 -0.018090 0.949794
0.002133 -0.001902 -0.000310 -0.004039 -0.018478 0.977787
0.003144 -0.002753 0.000230 -0.004020 -0.018548 0.978237
0.001701 -0.003274 0.000123 -0.004245 -0.017767 0.931811
0.000843 -0.003682 -0.000506 -0.006040 -0.018466 0.980680
-0.000793 -0.003473 0.000254 -0.003712 -0.017045 0.890289
-0.002159 -0.003514 -0.000790 -0.005484 -0.017763 0.938018
-0.001461 -0.004023 0.000315 -0.003945 -0.017125 0.896445
-0.000690 -0.006386 -0.000536 -0.008050 -0.017464 0.920921
-0.002931 -0.006836 -0.001453 -0.010370 -0.017060 0.902035
-0.002456 -0.007616 -0.001588 -0.011236 -0.017807 0.947509
-0.000111 -0.007735 -0.000704 -0.009964 -0.017834 0.942773
0.001319 -0.009796 -0.000480 -0.011053 -0.017401 0.917464
0.001340 -0.009877 0.000697 -0.008419 -0.017058 0.891883
0.000356 -0.013851 0.000420 -0.012653 -0.017451 0.928788
0.001668 -0.017269 0.001201 -0.014124 -0.017730 0.950094
0.001740 -0.019883 0.001520 -0.016217 -0.017720 0.955616
0.001235 -0.020667 0.000401 -0.019641 -0.017776 0.962036
0.000080 -0.020988 -0.000237 -0.021511 -0.017579 0.953396
0.001061 -0.021052 0.000038 -0.021150 -0.017649 0.954780
0.001429 -0.018607 -0.001836 -0.023714 -0.017799 0.963020
0.000117 -0.018075 -0.000539 -0.019973 -0.017709 0.953353
-0.004919 -0.016063 -0.001723 -0.020987 -0.016896 0.904273
-0.002317 -0.015109 -0.000790 -0.017457 -0.017678 0.952823
0.001206 -0.016206 0.000077 -0.016467 -0.017798 0.956231
0.001795 -0.015521 0.001766 -0.011470 -0.018169 0.979070
0.001206 -0.015099 -0.000381 -0.016113 -0.018704 1.021821
0.001910 -0.016185 0.000246 -0.015186 -0.018795 1.023002
0.002296 -0.014852 0.000340 -0.013924 -0.018157 0.974969
0.002458 -0.012875 0.001114 -0.010448 -0.017925 0.956770
0.000901 -0.012302 0.000746 -0.010143 -0.019158 1.037868
-0.001061 -0.010341 0.001367 -0.007087 -0.019286 1.047032
-0.001431 -0.008578 0.000978 -0.006309 -0.019589 1.065673
0.000642 -0.006986 0.001250 -0.005387 -0.019361 1.046423
0.000709 -0.006411 0.000563 -0.005775 -0.019789 1.075526
-0.001168 -0.004763 -0.001027 -0.007309 -0.020638 1.136261
0.000034 -0.001757 0.000950 -0.001992 -0.022093 1.206257
0.001161 -0.001548 0.001253 -0.001562 -0.022091 1.200730
0.001391 -0.001101 0.000966 -0.001510 -0.021995 1.193140
0.000429 -0.001286 0.000218 -0.002564 -0.022036 1.193830
0.000097 -0.002731 0.000344 -0.003885 -0.020651 1.116602
-0.002299 -0.002563 0.000388 -0.003584 -0.021118 1.154457
-0.002107 -0.001933 0.001633 -0.001635 -0.021053 1.152521
0.001935 -0.001742 0.002322 -0.000910 -0.021316 1.155184
0.003747 -0.001709 0.000046 -0.003422 -0.021374 1.156459
0.000600 -0.000627 0.000791 -0.001318 -0.021393 1.163365
-0.002941 -0.000194 -0.000091 -0.001908 -0.020681 1.139097
-0.004964 0.000328 -0.001494 -0.003014 -0.020922 1.159369
-0.003901 0.000496 0.000966 0.000276 -0.021138 1.162929
-0.000088 0.000514 0.001694 0.000843 -0.021754 1.180421
0.003191 0.000565 0.003235 0.001546 -0.021004 1.129089
0.003030 0.000679 0.001056 0.000581 -0.021619 1.163677
0.000205 0.000599 0.000157 -0.000088 -0.021392 1.155845
-0.001553 0.001043 -0.001923 -0.002619 -0.020476 1.111561
-0.000010 0.002041 -0.002585 -0.002200 -0.020319 1.099799
-0.000282 0.003289 -0.003336 -0.002029 -0.020703 1.123795
-0.001091 0.006359 -0.002161 0.001391 -0.020556 1.119748
-0.000407 0.005823 -0.003096 0.000336 -0.020481 1.111291
0.002778 0.006035 -0.000743 0.002837 -0.020923 1.131270
0.003357 0.006145 -0.000871 0.002745 -0.020985 1.133391
0.000987 0.007621 0.000010 0.005279 -0.021174 1.156466
-0.001164 0.008755 0.001582 0.010045 -0.020838 1.156626
-0.003695 0.008882 0.001617 0.010118 -0.020912 1.167425
0.000624 0.008676 0.002940 0.012273 -0.020818 1.151227
0.001974 0.007496 0.004193 0.013142 -0.020448 1.128564
0.004478 0.008355 0.003095 0.012265 -0.020410 1.116883
0.001169 0.006005 0.000054 0.004325 -0.020053 1.086433
-0.004164 0.008146 -0.000874 0.004291 -0.020297 1.123494
-0.003834 0.006602 -0.001309 0.002358 -0.020739 1.143226
-0.004038 0.005514 0.000234 0.004092 -0.021152 1.167096
0.000263 0.003972 0.002575 0.006277 -0.021699 1.185013
0.003595 0.001268 0.000637 0.000766 -0.021266 1.140912
0.003548 0.001392 0.001285 0.001343 -0.021677 1.163199
-0.000292 0.000872 -0.002054 -0.002644 -0.022690 1.232773
-0.000086 0.000671 0.000268 0.000664 -0.023066 1.251669
-0.000469 0.000486 -0.002223 -0.003381 -0.022776 1.238573
-0.000369 0.000403 0.000140 -0.000088 -0.022471 1.221668
-0.002794 -0.000375 -0.000868 -0.002819 -0.022282 1.218965
-0.000942 -0.000342 -0.000299 -0.002095 -0.022469 1.221276
-0.000027 -0.000629 -0.000348 -0.002599 -0.022943 1.247820
0.000557 -0.001000 -0.000116 -0.002444 -0.023296 1.260142
-0.000209 -0.000914 -0.000201 -0.002537 -0.023176 1.258846
-0.000988 -0.000249 -0.000921 -0.002774 -0.023442 1.273199
-0.001796 0.000329 0.000388 0.000583 -0.023612 1.279932
-0.002217 0.000768 0.000392 0.000934 -0.023551 1.279036
0.000087 0.001136 0.000043 0.000934 -0.023413 1.267240
0.001268 0.000882 -0.000323 -0.000159 -0.023484 1.269359
0.000345 0.000923 -0.000634 -0.000534 -0.023716 1.281486
-0.000334 0.000320 -0.000594 -0.001468 -0.023522 1.280717
-0.000946 0.000164 -0.000527 -0.001355 -0.023894 1.300118
-0.000435 -0.000607 -0.000084 -0.001372 -0.024412 1.325002
0.000105 -0.000177 0.000702 0.000331 -0.024349 1.329741
0.001090 -0.000494 0.000245 -0.000965 -0.024163 1.331990
0.000282 -0.001016 -0.000177 -0.002315 -0.024135 1.316188
-0.000133 -0.001009 -0.000537 -0.003008 -0.023872 1.301776
-0.000764 -0.000849 -0.000489 -0.002733 -0.023761 1.296757
0.000000 -0.001164 -0.000511 -0.003362 -0.023492 1.281874
0.000736 -0.001287 -0.000896 -0.003831 -0.024019 1.307771
0.001209 -0.001136 -0.000830 -0.003432 -0.024334 1.323899
0.000868 -0.000536 -0.000993 -0.003194 -0.023807 1.294963
0.000262 -0.000602 -0.001222 -0.003500 -0.023813 1.294296
-0.000176 -0.000890 -0.000678 -0.003325 -0.023485 1.277290
-0.000306 -0.000700 -0.000389 -0.002551 -0.023548 1.282068
-0.000068 -0.001064 -0.000120 -0.002175 -0.024058 1.306174
0.000703 -0.000548 -0.000093 -0.001447 -0.024277 1.313216
0.002314 -0.000325 0.000747 -0.000090 -0.023892 1.294348
0.002686 -0.000381 0.000160 -0.001285 -0.023304 1.274431
0.000452 0.000002 -0.000614 -0.001992 -0.023639 1.288939
0.000049 0.000460 -0.002072 -0.002966 -0.023894 1.297427
0.000078 0.000403 -0.001673 -0.002615 -0.023813 1.295575
-0.001468 0.000238 -0.001770 -0.002762 -0.023935 1.300083
-0.001423 0.000861 -0.000136 0.000730 -0.024106 1.302517
0.001319 0.000900 -0.000924 -0.000838 -0.024128 1.299175
0.002596 0.001261 -0.000403 0.000388 -0.023625 1.279042
0.000916 0.000729 -0.001551 -0.002064 -0.023461 1.274700
0.000745 0.000484 -0.000556 -0.001256 -0.023193 1.262480
-0.000607 0.000713 0.000025 0.000326 -0.023223 1.267345
-0.002385 0.000128 0.000085 -0.000392 -0.023260 1.273077
-0.000850 -0.000282 0.000507 -0.000241 -0.023428 1.274889
0.000685 -0.000499 0.001407 0.000215 -0.023612 1.278920
0.000131 -0.000477 0.000294 -0.000993 -0.023059 1.255959
-0.001077 -0.000494 0.000366 -0.000724 -0.023264 1.267598
-0.000346 -0.001237 0.000301 -0.001564 -0.023620 1.285582
0.000779 -0.001176 0.000619 -0.001147 -0.023891 1.294298
0.001029 -0.000978 0.000451 -0.001263 -0.023762 1.288743
-0.000210 -0.000924 -0.000749 -0.003467 -0.023283 1.273746
0.000078 -0.001701 -0.000667 -0.004141 -0.023096 1.262038
-0.000190 -0.002260 -0.000893 -0.004887 -0.022768 1.246229
-0.000358 -0.002242 -0.000544 -0.004340 -0.023007 1.256350
-0.000514 -0.002424 -0.000496 -0.004393 -0.023050 1.263324
0.001297 -0.002651 -0.000967 -0.005167 -0.022811 1.248099
0.004469 -0.003036 -0.002145 -0.006871 -0.022302 1.215667
0.004313 -0.002792 -0.002130 -0.006234 -0.023426 1.277735
0.000271 -0.003462 -0.001671 -0.006141 -0.023738 1.293608
-0.001644 -0.002878 -0.000945 -0.004740 -0.023460 1.283337
-0.000870 -0.002258 -0.000765 -0.004247 -0.023522 1.285938
-0.000179 -0.001723 -0.000491 -0.003459 -0.024090 1.308598
0.000939 -0.001740 0.000437 -0.001870 -0.024260 1.317643
-0.000178 -0.001817 0.001666 -0.000590 -0.024032 1.314593
0.000078 -0.002867 0.001589 -0.001552 -0.023904 1.320301
0.001520 -0.003931 0.001054 -0.002796 -0.023505 1.293123
0.000615 -0.005787 0.000353 -0.004420 -0.023205 1.277315
0.000213 -0.005825 0.000100 -0.004865 -0.023133 1.276415
0.004496 -0.007315 -0.001064 -0.007885 -0.023154 1.273615
0.001200 -0.007795 -0.001495 -0.008873 -0.023468 1.286780
-0.001144 -0.007493 -0.000485 -0.006804 -0.023165 1.273901
-0.000954 -0.007185 0.000134 -0.005128 -0.023490 1.287213
-0.000607 -0.006221 0.000068 -0.004927 -0.023586 1.290431
-0.002290 -0.005825 0.001420 -0.003097 -0.023506 1.289044
0.003013 -0.006595 -0.001251 -0.007460 -0.023822 1.302541
0.002156 -0.006071 -0.000193 -0.005945 -0.022778 1.255697
0.000969 -0.004434 0.000964 -0.003297 -0.023710 1.294863
-0.001389 -0.003321 0.000339 -0.002895 -0.024003 1.306756
-0.000964 -0.002540 0.001857 -0.000831 -0.024195 1.313621
-0.000641 -0.001924 0.000080 -0.002286 -0.024001 1.298764
0.002647 -0.001597 0.000356 -0.001998 -0.023888 1.287785
0.003362 -0.001415 -0.001295 -0.004159 -0.023629 1.278926
0.001147 -0.002148 -0.000596 -0.003982 -0.023623 1.280917
-0.000205 -0.002124 -0.001120 -0.004787 -0.023265 1.266267
-0.000294 -0.002103 -0.000566 -0.004115 -0.023137 1.266772
0.000107 -0.001671 -0.000468 -0.003760 -0.023013 1.258941
0.000686 -0.002498 -0.000601 -0.004491 -0.022739 1.245843
0.001488 -0.002317 0.000199 -0.003053 -0.023048 1.254821
0.000256 -0.002469 0.000885 -0.002318 -0.022670 1.242412
0.000955 -0.003501 0.001372 -0.002611 -0.022510 1.234915
0.001428 -0.002590 0.000247 -0.003555 -0.022122 1.213446
0.003287 -0.001374 -0.001602 -0.004943 -0.022068 1.213771
-0.000180 -0.003071 -0.002969 -0.007926 -0.022420 1.240672
-0.002444 -0.001287 -0.002910 -0.005861 -0.022857 1.257874
-0.000393 -0.001074 -0.000724 -0.003821 -0.022490 1.235984
0.000752 -0.001308 -0.000814 -0.004147 -0.022757 1.243531
0.001191 -0.001025 -0.000251 -0.003107 -0.022182 1.215658
0.000476 -0.000662 0.000521 -0.001167 -0.022887 1.254760
0.002279 -0.000427 -0.000014 -0.001817 -0.022495 1.230609
0.003835 -0.001003 0.000424 -0.001854 -0.023085 1.260713
0.001981 -0.001001 -0.000012 -0.002369 -0.023160 1.263327
0.001646 -0.001028 -0.000687 -0.003523 -0.022824 1.243994
0.000359 -0.000718 -0.000380 -0.002758 -0.023112 1.258811
0.000723 -0.001021 -0.001407 -0.004373 -0.023041 1.258510
0.001227 -0.001590 -0.000060 -0.002890 -0.023118 1.258755
0.000628 -0.000672 -0.001029 -0.003273 -0.024083 1.303638
0.000856 -0.000325 0.000254 -0.000698 -0.023514 1.271655
0.001940 -0.000210 -0.000371 -0.001727 -0.022739 1.227024
0.002361 0.000007 -0.000168 -0.001281 -0.021597 1.165184
0.001411 0.000011 0.001348 0.000409 -0.022375 1.211036
0.000475 0.000462 -0.000361 -0.001186 -0.021959 1.187217
0.001480 0.001792 -0.000732 0.000234 -0.022212 1.201248
0.000521 0.002859 -0.001154 0.000731 -0.022122 1.194391
-0.000277 0.004289 -0.001629 0.001513 -0.022727 1.227936
-0.000879 0.005749 -0.001718 0.002185 -0.022821 1.234868
-0.000813 0.006243 -0.001048 0.003039 -0.022608 1.225873
-0.001253 0.005354 -0.001581 0.001969 -0.022664 1.227458
0.000199 0.006868 0.000029 0.005483 -0.022691 1.229700
0.002488 0.007197 -0.001194 0.003953 -0.022855 1.233634
0.002988 0.008379 -0.000136 0.006444 -0.022751 1.234568
0.001065 0.009637 -0.000069 0.007443 -0.023250 1.266674
0.000488 0.009371 0.000022 0.007357 -0.023368 1.274766
0.001077 0.008455 0.000691 0.008506 -0.024169 1.314443
0.000264 0.008516 -0.000249 0.006331 -0.023843 1.294686
0.001147 0.009315 -0.000430 0.006407 -0.023202 1.261448
0.000670 0.009877 -0.000350 0.006747 -0.022809 1.242613
0.002143 0.010821 -0.000079 0.008533 -0.022356 1.221089
0.001363 0.010924 0.000416 0.009877 -0.022458 1.235337
0.000982 0.010717 0.001119 0.011466 -0.022691 1.246536
-0.000967 0.009976 0.000636 0.009481 -0.022514 1.239875
0.000134 0.010711 0.002391 0.013717 -0.022182 1.228797
0.000873 0.010243 0.001351 0.011306 -0.023120 1.268988
0.004004 0.010119 0.001515 0.011315 -0.023054 1.257011
0.003824 0.008089 0.003116 0.011961 -0.022904 1.252832
0.001696 0.005828 0.000779 0.006077 -0.023595 1.277944
0.002760 0.006316 0.003108 0.009570 -0.023229 1.266792
0.000414 0.004331 0.004050 0.008936 -0.022895 1.251198
0.000293 0.002509 0.002074 0.003872 -0.022728 1.233714
0.002383 0.003791 0.002879 0.006464 -0.022895 1.241202
0.000279 0.002976 0.000180 0.002727 -0.023643 1.277384
0.001109 0.002244 -0.001419 -0.000039 -0.023600 1.272139
-0.000005 0.002325 0.001295 0.003337 -0.023850 1.288096
-0.002680 0.002336 -0.000050 0.001938 -0.023703 1.287835
-0.001618 0.001593 -0.000190 0.001076 -0.023502 1.276234
0.001541 0.001143 -0.000509 0.000041 -0.023531 1.267925
0.002402 0.001794 -0.000755 0.000660 -0.023792 1.276846
-0.001759 0.002149 -0.000796 0.001068 -0.023784 1.286933
-0.002160 0.002959 -0.001169 0.001414 -0.023999 1.297533
0.000972 0.003647 0.001104 0.004647 -0.024138 1.297460
0.001578 0.004073 0.000521 0.004237 -0.024004 1.288683
0.001852 0.004393 0.000292 0.003932 -0.023843 1.282019
0.002121 0.004539 0.000440 0.003973 -0.022904 1.242629
0.000327 0.002688 0.000026 0.001976 -0.023061 1.248384
-0.000037 0.001629 0.000136 0.001369 -0.023192 1.254161
-0.000973 0.001206 -0.000897 -0.000485 -0.023323 1.263681
-0.000432 0.001305 -0.000252 0.000787 -0.023584 1.276829
0.000167 0.000587 -0.000096 0.000152 -0.023873 1.291097
-0.000639 -0.000422 -0.000392 -0.001900 -0.024001 1.304046
-0.000534 -0.001472 -0.001753 -0.005024 -0.023445 1.285972
0.000161 -0.001914 0.000015 -0.003355 -0.022828 1.251160
0.004621 -0.001450 0.000060 -0.002949 -0.022764 1.231991
0.006730 -0.001719 0.001078 -0.002010 -0.021907 1.183300
0.003065 -0.000997 0.001326 -0.000831 -0.022022 1.191818
-0.001191 -0.001019 0.001495 -0.000527 -0.022225 1.209947
-0.001490 -0.000814 0.000661 -0.000675 -0.023190 1.256747
-0.000968 -0.000752 0.000869 -0.000205 -0.023589 1.276466
0.000274 -0.000112 0.000679 0.000414 -0.023975 1.288358
0.001859 -0.000301 0.000412 -0.000342 -0.023791 1.277390
0.001267 -0.000232 -0.001060 -0.002646 -0.023554 1.268388
-0.000169 -0.000190 -0.000085 -0.001027 -0.023495 1.271246
-0.000886 -0.000022 0.001034 0.000529 -0.023423 1.273277
-0.001120 0.000038 -0.000004 -0.000557 -0.023577 1.280826
-0.000764 -0.000055 -0.000213 -0.001158 -0.023539 1.280988
0.000934 -0.000006 0.000046 -0.000492 -0.024084 1.299807
0.001766 0.000648 -0.000623 -0.000691 -0.024128 1.299767
0.000756 0.000664 -0.000356 -0.000384 -0.023834 1.286510
-0.000899 0.000543 0.000027 0.000261 -0.023419 1.270158
-0.000097 0.000600 -0.000004 0.000214 -0.023318 1.262579
0.000563 0.000670 -0.000226 -0.000040 -0.024086 1.295478
-0.000416 0.000893 -0.000372 0.000089 -0.024125 1.298083
-0.000175 0.000830 -0.000213 0.000319 -0.024057 1.295532
0.001828 0.000690 0.000434 0.000917 -0.023901 1.286094
0.002744 0.000016 0.000936 0.000496 -0.023591 1.270368
0.000627 -0.000010 0.001307 0.000734 -0.023753 1.284260
-0.000935 -0.000347 0.000025 -0.000696 -0.024032 1.300927
-0.000496 -0.000153 0.000011 -0.000381 -0.024040 1.298590
0.000424 -0.000197 -0.001669 -0.003185 -0.024002 1.296780
0.000531 -0.000188 -0.002263 -0.003775 -0.024097 1.298732
-0.000470 -0.000465 -0.001240 -0.003060 -0.024089 1.301419
-0.000281 -0.000449 0.001084 0.000478 -0.024467 1.316277
0.006470 -0.001936 0.002035 -0.000219 -0.024326 1.306980
0.008167 -0.002240 0.000461 -0.002393 -0.023816 1.285480
-0.000120 -0.001003 -0.002133 -0.004554 -0.023827 1.289073
-0.003176 -0.001189 -0.003091 -0.005453 -0.023595 1.287298
-0.000374 -0.001176 -0.001532 -0.004182 -0.023799 1.290441
0.001666 -0.000970 0.000288 -0.001356 -0.024057 1.300744
0.002024 -0.000817 -0.000640 -0.002633 -0.024149 1.307168
0.001098 -0.000335 0.000246 -0.000436 -0.024309 1.315225
0.001122 -0.000082 0.000196 -0.000114 -0.024557 1.326046
0.002058 -0.000426 0.000068 -0.000902 -0.024450 1.322168
0.001588 -0.000776 -0.000540 -0.002534 -0.024029 1.301167
0.000305 -0.001174 -0.001143 -0.003760 -0.024288 1.321666
0.000863 -0.001289 -0.001172 -0.003832 -0.024585 1.342775
0.001640 -0.001254 -0.001691 -0.004383 -0.024399 1.332023
0.000331 -0.001863 -0.002479 -0.005524 -0.024299 1.329326
-0.000503 -0.001394 -0.001146 -0.004128 -0.023751 1.306884
0.000765 -0.000727 0.000354 -0.000954 -0.024199 1.318968
0.002013 -0.001075 0.000480 -0.001571 -0.023666 1.296283
0.002054 -0.001240 0.000465 -0.001689 -0.023642 1.290779
0.002083 -0.000633 -0.000249 -0.002009 -0.023735 1.293031
0.001247 -0.000584 0.000064 -0.001312 -0.023919 1.302956
-0.000027 -0.000936 -0.000094 -0.001816 -0.024346 1.318750
-0.000328 -0.000902 -0.000363 -0.002492 -0.024483 1.335472
0.000079 -0.001350 -0.000571 -0.003771 -0.023360 1.287554
-0.000568 -0.000375 -0.000325 -0.001795 -0.024522 1.346367
0.000020 -0.002588 -0.003348 -0.007895 -0.022673 1.259604
0.002535 -0.001150 -0.001240 -0.004449 -0.022051 1.203062
0.001484 -0.001372 -0.002560 -0.005824 -0.022416 1.227897
-0.003011 -0.000991 -0.000959 -0.003413 -0.023006 1.264175
-0.002112 -0.000792 0.000349 -0.001218 -0.023111 1.264031
0.002379 -0.001816 0.000288 -0.002458 -0.023321 1.263882
0.001851 -0.001001 0.001411 -0.000186 -0.023884 1.293194
-0.000787 -0.000850 -0.000568 -0.002734 -0.023838 1.287681
0.000271 -0.001149 0.000566 -0.001146 -0.023759 1.279899
0.002870 -0.001038 0.000078 -0.001900 -0.023923 1.284284
0.002364 -0.000755 0.000338 -0.001190 -0.023859 1.285809
0.002675 -0.000574 0.000088 -0.001404 -0.023658 1.275637
0.000291 -0.000586 -0.000188 -0.001948 -0.023622 1.274124
0.000319 -0.000597 -0.001300 -0.003721 -0.023274 1.258986
0.001371 -0.000253 0.001251 0.000360 -0.023371 1.270713
0.001365 -0.001301 -0.000884 -0.004362 -0.021653 1.172516
0.003030 -0.000637 -0.000667 -0.002951 -0.020957 1.135753
0.002033 -0.000438 -0.001530 -0.003887 -0.022247 1.223751
0.001867 -0.000547 -0.000187 -0.001768 -0.023829 1.299040
0.001483 -0.001257 -0.000898 -0.003659 -0.024516 1.328948
0.000262 -0.000751 -0.000046 -0.001414 -0.024881 1.342038
0.002050 -0.001244 -0.000188 -0.002563 -0.024371 1.327650
0.002528 -0.001023 0.000243 -0.001704 -0.023804 1.313267
0.001788 -0.000639 0.000081 -0.001115 -0.024997 1.375598
0.000082 -0.000479 0.000435 0.000531 -0.026821 1.487818
0.001627 -0.000895 0.000211 -0.000603 -0.027166 1.513861
0.003761 -0.000628 -0.000495 -0.001479 -0.026834 1.471637
0.003679 -0.000190 -0.001424 -0.002304 -0.026581 1.456531
0.001935 -0.000053 -0.001957 -0.003149 -0.025479 1.383394
-0.000143 0.000179 -0.000682 -0.001348 -0.025585 1.389835
-0.000891 -0.000022 -0.000371 -0.000861 -0.025981 1.404712
-0.000618 -0.000143 0.000284 0.000619 -0.026353 1.433736
-0.000534 -0.000876 0.000398 -0.000282 -0.026181 1.424538
0.006911 -0.002176 -0.000703 -0.003806 -0.025135 1.383816
0.005732 -0.002236 0.001371 -0.001444 -0.025024 1.376078
0.000787 -0.002626 0.002884 -0.000203 -0.025101 1.380913
-0.002029 -0.003075 0.004229 0.000230 -0.024212 1.336212
-0.001383 -0.004026 0.002115 -0.001416 -0.023843 1.313404
-0.001052 -0.004376 -0.000297 -0.004452 -0.024097 1.319532
-0.000242 -0.003399 -0.000464 -0.004379 -0.024290 1.323793
0.001634 -0.003168 -0.000354 -0.004149 -0.024816 1.359941
0.005160 -0.003306 0.002460 -0.000868 -0.025114 1.370264
0.005336 -0.003232 0.002759 -0.000751 -0.024470 1.354022
0.001331 -0.002409 0.002199 -0.000559 -0.024491 1.360511
-0.000178 -0.001378 -0.000644 -0.003587 -0.024165 1.341219
0.001825 -0.000673 -0.003287 -0.005765 -0.022236 1.229897
0.002585 -0.000680 -0.004092 -0.007141 -0.020598 1.123529
-0.001836 -0.000594 -0.003852 -0.006681 -0.021225 1.174784
-0.003371 -0.001772 -0.004057 -0.008344 -0.020877 1.157551
0.001285 -0.001000 -0.002642 -0.005776 -0.021566 1.186963
0.006619 0.000153 -0.004587 -0.006090 -0.019481 1.044843
0.003749 0.000874 -0.005235 -0.006236 -0.019848 1.082172
-0.001455 0.002388 -0.005646 -0.004750 -0.018610 1.013853
-0.002766 0.006669 -0.005097 -0.000377 -0.018963 1.041929
0.000621 0.009555 -0.005123 0.001246 -0.019217 1.044728
0.002497 0.012736 -0.004754 0.003656 -0.018248 0.962971
0.002887 0.016463 -0.005410 0.006652 -0.016932 0.870560
0.001945 0.018452 -0.006134 0.007554 -0.015879 0.795860
0.001179 0.022902 -0.003607 0.016320 -0.014992 0.738080
0.001483 0.025586 -0.004572 0.017077 -0.014484 0.701779
0.000274 0.031155 -0.005328 0.020718 -0.014090 0.675340
-0.001325 0.034931 -0.004240 0.026609 -0.013236 0.615364
-0.001691 0.036167 0.000190 0.035361 -0.012986 0.614737
-0.001341 0.037107 0.001763 0.039613 -0.012647 0.579774
0.000522 0.039692 -0.001597 0.036116 -0.012497 0.523357
0.000677 0.040497 -0.000044 0.039670 -0.012368 0.520300
-0.000190 0.040823 0.002642 0.044817 -0.012262 0.539404
-0.002028 0.039629 0.005353 0.048483 -0.012170 0.536619
-0.003954 0.041745 0.005586 0.050489 -0.012065 0.537005
-0.004925 0.046605 0.005645 0.054831 -0.011643 0.494778
-0.006265 0.050234 0.003934 0.055353 -0.011398 0.454759
-0.006249 0.053666 0.004774 0.059621 -0.011177 0.433137
-0.006140 0.057767 0.004452 0.062596 -0.011079 0.454495
-0.005242 0.058238 0.005132 0.064307 -0.010967 0.453412
-0.003898 0.058258 0.006240 0.066540 -0.010852 0.454244
-0.002941 0.058357 0.006444 0.067176 -0.010854 0.464882
-0.002679 0.057467 0.002544 0.059939 -0.011086 0.457438
-0.002686 0.056800 0.002454 0.059096 -0.011216 0.451440
-0.001663 0.056741 0.003651 0.060927 -0.011231 0.466579
-0.001278 0.056213 0.004054 0.061259 -0.011227 0.462660
-0.000861 0.056150 0.003370 0.060069 -0.011276 0.459013
-0.000461 0.055666 0.001041 0.055068 -0.011510 0.489357
0.000652 0.055186 0.000548 0.053842 -0.011548 0.498507
-0.000643 0.056240 0.000703 0.055079 -0.011423 0.467061
-0.002476 0.056082 0.000414 0.054657 -0.011387 0.442772
-0.004266 0.056077 0.001399 0.056823 -0.011283 0.441656
-0.004977 0.053481 0.001514 0.054811 -0.011383 0.455935
-0.005082 0.052734 0.000921 0.052770 -0.011517 0.476609
-0.004091 0.051509 0.001106 0.051977 -0.011586 0.489050
-0.002294 0.051908 -0.000679 0.048591 -0.011747 0.495847
-0.001186 0.051035 0.000326 0.049210 -0.011909 0.544331
-0.000943 0.048325 0.000880 0.048017 -0.012070 0.574846
-0.001751 0.047549 0.001236 0.047928 -0.012163 0.592937
-0.002048 0.047846 0.001076 0.047769 -0.012183 0.600377
-0.001867 0.046808 0.001402 0.047359 -0.012306 0.615631
-0.001984 0.046031 0.003210 0.049825 -0.012193 0.608569
-0.001822 0.045403 0.002829 0.048460 -0.012336 0.625214
-0.001344 0.043236 0.001988 0.044981 -0.012579 0.635284
-0.000577 0.040653 0.000492 0.039660 -0.012913 0.644666
0.000057 0.038126 -0.000517 0.035571 -0.013145 0.644593
0.001083 0.034612 0.001899 0.036660 -0.013457 0.678856
0.001807 0.031465 0.002474 0.035093 -0.013602 0.687752
0.002265 0.028065 0.000650 0.028400 -0.014254 0.721806
0.000893 0.025404 0.000372 0.025810 -0.013977 0.692904
-0.000768 0.023921 0.002387 0.028443 -0.013938 0.701946
-0.001086 0.018881 0.002262 0.023863 -0.014003 0.695446
-0.002026 0.014819 0.002822 0.021218 -0.014038 0.691153
-0.001673 0.009649 0.002841 0.016009 -0.014255 0.696701
-0.002756 0.005949 0.003880 0.013165 -0.014349 0.696006
-0.003316 0.004146 0.003742 0.009947 -0.014482 0.695014
-0.002240 0.001615 0.000054 0.000437 -0.015085 0.723083
-0.000738 0.000880 -0.000495 -0.000461 -0.015088 0.721711
0.000737 0.000351 0.000340 -0.000390 -0.015019 0.714911
-0.001237 0.000716 0.002556 0.001434 -0.015143 0.728689
-0.001420 0.001022 0.002134 0.001505 -0.015197 0.735397
-0.002301 0.000888 -0.000744 -0.000733 -0.015380 0.755901
-0.000600 0.000687 0.001578 0.000551 -0.015354 0.746465
-0.000635 0.000677 0.002386 0.001237 -0.015247 0.738177
-0.000989 0.001137 0.002875 0.002148 -0.015526 0.767887
-0.001776 0.001475 0.002287 0.002273 -0.015171 0.736210
-0.002752 0.001124 0.003013 0.002284 -0.015412 0.764779
-0.002047 0.000924 0.002768 0.001628 -0.015806 0.807877
-0.000712 0.000838 0.002102 0.000958 -0.015851 0.808587
0.000602 0.001165 0.003262 0.002512 -0.015759 0.795460
-0.000667 0.001147 0.002755 0.002193 -0.015345 0.752990
-0.003453 0.001021 0.001874 0.001045 -0.015622 0.787820
-0.003971 0.000990 0.001756 0.000877 -0.015678 0.794454
-0.002866 0.000254 0.000285 -0.000628 -0.015536 0.773526
0.000312 0.000319 0.001077 -0.000152 -0.015652 0.780786
0.001050 -0.000905 0.000993 -0.001203 -0.015161 0.730500
0.003240 -0.001737 0.000813 -0.001532 -0.014718 0.684306
0.002957 -0.001680 -0.001518 -0.002608 -0.014612 0.674476
0.001348 -0.001909 -0.002274 -0.004106 -0.014424 0.657606
-0.002109 -0.002081 -0.001131 -0.002903 -0.014551 0.678066
-0.005570 -0.002154 -0.000652 -0.002349 -0.014598 0.685607
-0.003844 -0.002175 0.000287 -0.001898 -0.014516 0.676394
0.000540 -0.002231 -0.000406 -0.002710 -0.014696 0.691547
0.002204 -0.003292 -0.001286 -0.004784 -0.014834 0.699637
-0.000892 -0.003679 -0.002103 -0.007539 -0.014486 0.668477
-0.004015 -0.003493 -0.000291 -0.003205 -0.014066 0.596215
-0.003426 -0.005160 0.000257 -0.004214 -0.014133 0.598106
-0.000355 -0.006760 -0.000082 -0.006987 -0.014529 0.671415
0.004390 -0.010541 0.001667 -0.007175 -0.015173 0.726747
0.004678 -0.012236 0.001724 -0.009211 -0.014878 0.699494
0.002016 -0.010354 0.002801 -0.005776 -0.014766 0.693745
-0.000552 -0.011297 0.000927 -0.010097 -0.014836 0.706229
-0.003358 -0.010144 0.000801 -0.008757 -0.014837 0.712079
-0.002720 -0.009682 0.000644 -0.008705 -0.015460 0.775817
-0.000758 -0.010634 -0.000326 -0.012683 -0.015466 0.779279
0.001504 -0.010197 -0.002034 -0.017002 -0.015482 0.781526
0.004228 -0.011836 -0.001431 -0.016633 -0.015378 0.769150
0.004257 -0.011724 -0.001237 -0.015806 -0.015757 0.810730
0.002399 -0.010635 0.001380 -0.008293 -0.016130 0.836330
0.003756 -0.009524 -0.004067 -0.020190 -0.016156 0.845727
