0.000917 0.000563 -0.000320 -0.000885 -0.022571 1.222528
-0.000037 0.000848 -0.000750 -0.001361 -0.021879 1.184523
-0.000009 0.000404 -0.000293 -0.001308 -0.021884 1.184169
0.000297 0.000448 -0.000068 -0.000719 -0.021993 1.187993
0.000401 0.000861 0.000329 0.000441 -0.021730 1.178594
0.001203 -0.000255 0.000286 -0.001101 -0.022537 1.215822
0.000314 0.000195 -0.000350 -0.001850 -0.021802 1.180612
-0.001152 0.000108 0.000378 -0.000427 -0.021677 1.174948
-0.000518 -0.000434 0.000382 -0.001079 -0.022177 1.199973
0.000574 -0.001024 0.000780 -0.001605 -0.021975 1.187034
0.000463 -0.000908 -0.000181 -0.003068 -0.021809 1.181571
0.000352 -0.000772 -0.000203 -0.002731 -0.022627 1.227489
0.000144 -0.000510 -0.000542 -0.003294 -0.021416 1.160956
0.000273 -0.000428 0.000239 -0.001681 -0.021228 1.156210
0.000069 -0.000822 0.000395 -0.001484 -0.022944 1.246829
0.000009 -0.000366 -0.000132 -0.002066 -0.022522 1.223795
0.001132 -0.000296 -0.000446 -0.002383 -0.022892 1.240106
0.000536 -0.000571 -0.000294 -0.002586 -0.022889 1.238765
-0.000020 -0.001171 -0.000517 -0.003951 -0.022146 1.202694
0.000182 -0.000771 -0.000097 -0.002557 -0.022281 1.210777
0.000575 -0.000819 -0.000154 -0.002543 -0.022901 1.242320
-0.000329 -0.000789 -0.000132 -0.002304 -0.023175 1.258047
-0.001448 -0.000538 0.000743 -0.000266 -0.023516 1.274645
0.000036 -0.000206 0.000416 -0.000410 -0.023217 1.257736
0.000821 -0.000171 0.000438 -0.000638 -0.022682 1.226079
0.000889 0.000027 0.000221 -0.000729 -0.022677 1.226159
-0.000020 -0.000129 -0.000031 -0.001220 -0.022746 1.230781
-0.000582 0.000319 0.000160 -0.000151 -0.022538 1.223141
-0.000078 0.000210 0.000267 -0.000018 -0.023002 1.243943
0.000667 -0.000288 0.000825 -0.000466 -0.022435 1.215466
0.000062 -0.000218 -0.000112 -0.002121 -0.021547 1.173321
-0.000211 0.000209 -0.000053 -0.001241 -0.021932 1.195793
-0.000578 0.000388 -0.000273 -0.001289 -0.022234 1.208542
-0.000581 0.000172 -0.000445 -0.002034 -0.021953 1.197826
0.000641 -0.000024 -0.000385 -0.002221 -0.022168 1.205006
0.000053 -0.000031 -0.000896 -0.003088 -0.021906 1.193656
-0.001824 0.000311 -0.002010 -0.003821 -0.021689 1.188940
-0.002935 0.000538 -0.000381 -0.001080 -0.022116 1.210500
-0.002268 0.000252 -0.000336 -0.001578 -0.021751 1.188589
-0.002811 0.001255 -0.000042 0.000310 -0.021676 1.183621
-0.000836 0.000752 0.000206 0.000361 -0.022432 1.217534
0.001778 0.001092 0.000597 0.000914 -0.022454 1.212792
0.001936 0.000358 0.000050 -0.000989 -0.021517 1.164326
0.000607 0.000222 0.000195 -0.000671 -0.022086 1.195611
0.001209 -0.000352 0.000486 -0.001374 -0.021620 1.172970
0.001325 -0.000815 0.000253 -0.002352 -0.021582 1.169092
0.000060 -0.000948 -0.000355 -0.003699 -0.021340 1.157167
-0.000875 -0.000832 -0.000099 -0.002896 -0.021420 1.162026
0.000379 -0.000711 0.000364 -0.002181 -0.021087 1.146275
0.000640 -0.000606 0.000226 -0.002031 -0.021700 1.175758
0.000275 -0.000349 -0.000081 -0.002190 -0.021870 1.186651
0.000727 -0.000335 0.000507 -0.001129 -0.021973 1.189378
0.001134 -0.000624 0.000839 -0.001305 -0.021653 1.171657
-0.000717 -0.001313 -0.000274 -0.003757 -0.021279 1.159994
-0.000859 -0.000463 -0.000383 -0.003092 -0.021051 1.146721
0.001712 -0.000467 -0.000455 -0.003088 -0.021232 1.146779
0.001224 0.000053 -0.000975 -0.003180 -0.021291 1.149775
0.000154 0.000049 -0.000905 -0.003041 -0.021736 1.174130
-0.000099 -0.000061 -0.000683 -0.002974 -0.021445 1.159148
-0.000039 -0.000106 -0.000524 -0.003010 -0.020779 1.127447
-0.000558 0.001018 -0.000266 -0.000775 -0.021010 1.141307
-0.000370 0.001288 -0.001259 -0.001757 -0.021218 1.153414
0.002589 0.001077 0.001278 0.000814 -0.021126 1.140284
0.004743 0.000775 0.001980 0.000925 -0.021476 1.151683
0.000009 0.000980 -0.000540 -0.001053 -0.021417 1.161631
-0.002997 0.001605 -0.000139 0.000346 -0.020741 1.135170
-0.000821 0.002379 -0.000273 0.000744 -0.020801 1.131806
0.001812 0.002460 0.000230 0.001340 -0.020829 1.123697
0.003215 0.002261 0.000156 0.000937 -0.020474 1.101457
0.003605 0.002283 0.000890 0.001722 -0.021287 1.144888
0.001515 0.002669 0.000488 0.001850 -0.021074 1.140645
-0.001006 0.002348 -0.000260 0.000652 -0.020487 1.115387
0.000211 0.002330 -0.000441 0.000333 -0.020520 1.114639
0.002545 0.002073 0.000510 0.001046 -0.020925 1.130721
0.002264 0.001658 0.000502 0.000886 -0.021126 1.142582
0.000367 0.001626 0.000036 0.000740 -0.021515 1.163312
-0.000755 0.001676 0.000181 0.000799 -0.021115 1.145518
-0.000950 0.001570 0.000255 0.000670 -0.020604 1.119796
-0.000851 0.001591 0.000411 0.000884 -0.021012 1.144529
0.000087 0.000894 0.000452 0.000405 -0.021365 1.161785
0.003479 0.001295 0.001387 0.001158 -0.021660 1.173597
0.004608 0.001204 0.001709 0.001237 -0.021850 1.182592
0.003627 0.001197 0.000448 0.000576 -0.021552 1.170526
0.001976 0.000880 0.000610 0.000500 -0.021625 1.174180
0.000201 0.000087 0.000202 -0.000809 -0.022010 1.196450
-0.000821 -0.000810 -0.000156 -0.002782 -0.021982 1.199846
-0.000592 -0.001620 0.000294 -0.002641 -0.022246 1.212281
0.000013 -0.002500 -0.000123 -0.003915 -0.022457 1.222661
0.000372 -0.002516 -0.000076 -0.003991 -0.022228 1.209928
0.001108 -0.002673 -0.000621 -0.005027 -0.021961 1.196470
0.001265 -0.002904 -0.000390 -0.004847 -0.021882 1.189865
0.000328 -0.003020 -0.000119 -0.004415 -0.022035 1.199140
-0.000074 -0.003234 -0.000310 -0.004888 -0.022082 1.201565
0.000099 -0.003698 -0.000159 -0.004700 -0.022340 1.213629
0.000263 -0.003703 -0.000138 -0.004731 -0.022238 1.209162
0.000600 -0.004417 -0.000351 -0.005629 -0.022126 1.203293
0.000650 -0.003954 -0.000556 -0.005686 -0.022347 1.214494
0.000806 -0.003923 -0.000390 -0.005228 -0.022574 1.224291
0.001071 -0.003613 -0.000240 -0.004795 -0.022708 1.230655
0.000462 -0.002475 -0.000659 -0.004836 -0.022771 1.233440
0.000443 -0.001021 -0.000642 -0.003814 -0.022477 1.217760
0.000616 -0.000517 -0.000459 -0.002840 -0.022575 1.223197
0.000144 -0.000736 -0.000567 -0.003238 -0.022920 1.241614
-0.000418 -0.000793 -0.000331 -0.002760 -0.023059 1.251374
0.000003 -0.000437 -0.000072 -0.001734 -0.022962 1.244524
-0.001422 -0.000547 -0.001352 -0.003731 -0.023139 1.257628
-0.002194 -0.000103 0.000084 -0.000676 -0.023543 1.281190
0.000737 -0.000499 0.001320 0.000085 -0.023387 1.267567
0.001683 -0.000011 0.000656 0.000232 -0.023829 1.283304
-0.000064 0.000115 0.002486 0.001409 -0.023823 1.287161
-0.001081 -0.000703 0.001718 0.000439 -0.024144 1.305771
-0.000827 -0.000441 0.002228 0.000913 -0.024194 1.308333
-0.000002 -0.000235 0.001409 0.000497 -0.023644 1.282897
0.002397 0.000144 0.002636 0.001331 -0.023417 1.264702
0.001539 -0.000141 0.002088 0.000876 -0.023511 1.267983
0.001268 0.000037 0.001128 0.000482 -0.023191 1.253538
0.000522 0.000103 0.000238 -0.000186 -0.023453 1.267210
-0.000953 0.000443 -0.000214 -0.000361 -0.023619 1.276999
-0.000621 0.000320 -0.000660 -0.001379 -0.023997 1.294040
0.001913 0.000200 0.000288 -0.000108 -0.023482 1.263006
0.001926 0.000076 -0.000118 -0.001125 -0.022929 1.235881
0.002686 0.000101 0.000189 -0.000622 -0.022958 1.236149
0.004265 -0.000037 0.000663 -0.000152 -0.023377 1.260084
0.003609 -0.000081 0.000130 -0.000593 -0.024143 1.296255
0.001091 -0.000699 0.000216 -0.001338 -0.023694 1.280106
0.000345 -0.000359 0.000600 -0.000290 -0.023658 1.280252
0.000138 -0.000432 0.000306 -0.000800 -0.023304 1.260472
-0.000589 -0.000366 0.000025 -0.001312 -0.022989 1.246155
-0.000359 -0.000489 -0.000162 -0.001748 -0.023604 1.276401
0.000262 -0.000595 0.000018 -0.001491 -0.023667 1.280178
-0.000098 -0.000636 -0.000064 -0.001774 -0.023409 1.268247
-0.000869 -0.000779 0.000006 -0.001943 -0.022997 1.249651
-0.000043 -0.000475 -0.000189 -0.002210 -0.022654 1.228292
0.001199 -0.000527 -0.000463 -0.002427 -0.023318 1.256784
0.001534 -0.000996 -0.000674 -0.003559 -0.022840 1.235617
0.000557 -0.000964 -0.000161 -0.002799 -0.022687 1.228996
0.001665 -0.000791 0.000024 -0.002273 -0.022539 1.219003
0.001562 -0.000582 -0.000458 -0.002688 -0.022861 1.234611
0.000455 -0.000832 -0.000210 -0.002777 -0.022607 1.225003
-0.000384 -0.000580 -0.000257 -0.002494 -0.022662 1.229330
0.000244 -0.000970 -0.000331 -0.003169 -0.022799 1.236157
0.000149 -0.000594 -0.000141 -0.002084 -0.023223 1.256391
0.000036 -0.000570 0.000048 -0.001455 -0.023273 1.256918
0.000953 -0.000598 -0.000358 -0.002573 -0.022968 1.242293
0.000409 -0.000559 -0.000633 -0.003118 -0.022749 1.233445
0.000092 -0.000332 -0.000081 -0.001615 -0.023008 1.248361
0.001196 -0.000356 0.000022 -0.001407 -0.023396 1.264730
0.001753 -0.000144 0.000637 -0.000240 -0.023256 1.259478
0.000334 -0.000065 0.000585 -0.000113 -0.023114 1.256146
-0.002125 -0.000107 -0.000491 -0.001799 -0.022950 1.252105
-0.002931 -0.000134 -0.000437 -0.001718 -0.022540 1.230509
0.000874 0.000116 -0.000313 -0.001324 -0.023173 1.251743
0.003000 0.000264 -0.001293 -0.002350 -0.023220 1.251862
0.001709 0.000239 -0.000861 -0.002341 -0.022238 1.206600
-0.000042 0.000545 -0.000149 -0.000540 -0.022746 1.232736
-0.000708 0.000369 -0.000015 -0.000368 -0.022861 1.238017
-0.001419 0.000646 -0.000141 -0.000303 -0.022533 1.223197
-0.000160 0.000638 0.000361 0.000551 -0.022664 1.226834
0.000992 0.000789 0.000289 0.000541 -0.022728 1.226952
0.002131 0.000827 0.000710 0.000608 -0.021999 1.191684
0.002116 0.000879 0.000655 0.000587 -0.021898 1.184520
0.001231 0.000817 0.000867 0.000754 -0.022135 1.197840
0.000156 0.000827 0.000476 0.000476 -0.021683 1.175963
-0.000834 0.001350 0.000320 0.000862 -0.021753 1.181509
0.000182 0.000627 -0.000649 -0.001716 -0.021806 1.182566
0.000371 0.000744 -0.000021 -0.000437 -0.021529 1.168267
0.000456 0.000657 0.000019 -0.000527 -0.021210 1.150340
0.000562 0.000584 0.000024 -0.000659 -0.020820 1.125955
0.000785 0.000076 0.000024 -0.001617 -0.020457 1.105634
0.000485 0.000192 0.000085 -0.001347 -0.020359 1.100229
0.000780 0.000192 0.000412 -0.000750 -0.020352 1.097536
0.000191 0.000243 0.000021 -0.001207 -0.020065 1.079260
0.000169 0.000051 0.000180 -0.001190 -0.019901 1.070410
0.000677 -0.000177 -0.000017 -0.002126 -0.019553 1.053090
0.001610 -0.000424 -0.000075 -0.002621 -0.019531 1.049830
0.001113 -0.000554 -0.000092 -0.002855 -0.019571 1.051240
0.000488 -0.000266 0.000137 -0.001915 -0.019384 1.041516
0.000541 -0.001088 0.000629 -0.002331 -0.019415 1.040600
-0.000017 -0.001356 0.000335 -0.002889 -0.019169 1.025831
-0.000925 -0.001632 0.000756 -0.002476 -0.018830 1.004459
-0.000831 -0.001116 0.000007 -0.002948 -0.018601 0.991272
0.000340 -0.001203 -0.000114 -0.003290 -0.018324 0.970538
0.000702 -0.001496 -0.000220 -0.003629 -0.018100 0.955362
0.000294 -0.001806 -0.000169 -0.003731 -0.017892 0.943699
0.000013 -0.002117 -0.000252 -0.004114 -0.017845 0.942184
0.000494 -0.003000 0.000174 -0.004128 -0.017953 0.948489
0.000537 -0.002891 0.000001 -0.004000 -0.016869 0.881773
0.000745 -0.002399 0.000446 -0.002809 -0.016430 0.849368
0.000277 -0.002048 -0.000325 -0.003498 -0.016213 0.830478
0.000773 -0.002244 -0.000371 -0.003491 -0.016115 0.816776
0.000055 -0.001460 -0.001036 -0.003256 -0.015841 0.789454
-0.000163 0.000047 -0.000744 -0.001529 -0.015665 0.774877
-0.000339 0.000670 -0.000353 -0.000703 -0.015545 0.765406
-0.000470 0.000933 -0.000509 -0.000573 -0.015407 0.754539
0.000512 0.001133 -0.000579 -0.000436 -0.015510 0.761597
0.002028 0.000880 -0.000807 -0.000640 -0.015138 0.727470
0.002522 0.001326 -0.000409 0.000060 -0.014912 0.709091
0.001555 0.001667 -0.000668 0.000065 -0.015060 0.721177
0.000699 0.002167 -0.001393 0.000026 -0.015130 0.726858
0.000407 0.002285 0.000155 0.001593 -0.015014 0.719067
0.000419 0.002056 0.000188 0.001326 -0.015139 0.726725
0.000406 0.002219 -0.000112 0.001027 -0.015260 0.735787
0.000739 0.002327 -0.000120 0.001234 -0.015073 0.722692
0.000020 0.002741 0.000013 0.001863 -0.014959 0.714770
-0.000001 0.002901 0.000701 0.003409 -0.014695 0.697942
0.000128 0.002677 0.000596 0.002917 -0.014756 0.702432
0.000201 0.003102 0.000310 0.002744 -0.015027 0.722149
0.000782 0.002628 -0.000018 0.001942 -0.014876 0.710121
0.000595 0.002355 -0.000500 0.000793 -0.015033 0.719609
0.001484 0.002603 -0.001259 0.000621 -0.014783 0.698812
0.000695 0.002905 -0.000439 0.001928 -0.014655 0.689609
-0.000699 0.002962 -0.001080 0.001003 -0.014682 0.692924
-0.000258 0.002211 -0.000643 0.000651 -0.014738 0.698066
0.000313 0.002210 -0.000622 0.000627 -0.014898 0.709598
0.001586 0.002110 -0.001037 0.000050 -0.015176 0.729745
0.001954 0.001247 -0.000622 -0.000277 -0.015424 0.744951
0.001378 0.000959 -0.000077 -0.000142 -0.015098 0.721105
0.000660 0.000748 0.000273 -0.000090 -0.015059 0.717585
0.000693 0.000810 0.001027 0.000377 -0.015119 0.722459
0.000629 0.000512 -0.000739 -0.001008 -0.015468 0.750356
0.000139 0.000641 -0.000117 -0.000536 -0.015536 0.757080
0.001692 0.001012 0.000528 0.000243 -0.015349 0.738102
0.001935 0.000620 0.002468 0.001070 -0.015484 0.750255
0.001005 0.001436 0.001808 0.001762 -0.015474 0.751326
-0.004076 0.000580 -0.002029 -0.001603 -0.015868 0.798738
-0.006294 0.000734 -0.003357 -0.002524 -0.016210 0.830938
-0.002632 0.001046 -0.000081 -0.000099 -0.016168 0.816773
0.002424 0.002021 0.000302 0.001003 -0.016047 0.801934
0.005906 0.002947 -0.000333 0.001317 -0.015810 0.775954
0.003068 0.002371 -0.000987 0.000452 -0.016044 0.801834
-0.000054 0.002323 -0.000459 0.000597 -0.016119 0.816398
-0.001970 0.002971 0.000955 0.003004 -0.016073 0.818291
-0.002997 0.002648 0.002067 0.004066 -0.016284 0.839765
-0.000718 0.002656 0.001026 0.002699 -0.016252 0.833797
0.000012 0.002608 -0.000046 0.001101 -0.016459 0.844046
0.002210 0.002170 -0.001118 0.000242 -0.016529 0.846767
0.002076 0.001843 0.000146 0.000704 -0.016389 0.836648
0.000134 0.002084 0.000374 0.001114 -0.016345 0.837634
-0.001539 0.001968 0.000225 0.000804 -0.016384 0.839323
-0.000908 0.002269 -0.000287 0.000760 -0.016548 0.849398
0.000418 0.002074 0.000143 0.000923 -0.016433 0.840337
0.000685 0.001897 0.000499 0.001029 -0.016600 0.854724
0.000620 0.001775 0.001727 0.001943 -0.016543 0.850612
-0.000101 0.001378 0.002050 0.001519 -0.016367 0.836412
0.000451 0.000469 0.000240 -0.000378 -0.016550 0.850595
0.000271 -0.000029 0.000692 -0.000650 -0.016467 0.847421
0.000121 0.000101 0.000166 -0.000810 -0.016454 0.846472
-0.000313 -0.000153 -0.000168 -0.001318 -0.016513 0.851119
-0.000103 -0.000395 -0.000518 -0.001963 -0.016980 0.882698
0.000847 -0.000442 -0.000289 -0.001650 -0.016694 0.863014
0.001151 -0.000842 -0.000070 -0.001856 -0.016823 0.871235
0.000836 -0.000883 -0.000368 -0.002351 -0.016821 0.871416
0.000838 -0.000663 -0.000500 -0.002119 -0.016555 0.850549
0.000420 -0.001028 -0.000314 -0.002304 -0.016393 0.838971
0.000081 -0.001267 -0.000019 -0.002287 -0.016280 0.831511
-0.000788 -0.002381 0.000263 -0.002791 -0.016350 0.835617
-0.001624 -0.003580 0.000568 -0.003247 -0.016229 0.825831
-0.000860 -0.003817 0.000423 -0.003479 -0.016410 0.836938
-0.000197 -0.003598 0.000267 -0.003437 -0.016052 0.809839
0.000186 -0.004376 -0.000154 -0.005355 -0.015968 0.807965
0.000399 -0.003891 -0.000227 -0.005049 -0.016039 0.808225
0.000269 -0.004346 0.000183 -0.004467 -0.015906 0.798133
0.000912 -0.003450 -0.000598 -0.005099 -0.015804 0.784735
0.000614 -0.003216 -0.000803 -0.004941 -0.015371 0.745768
0.000303 -0.003227 -0.000229 -0.003681 -0.015314 0.739733
0.000396 -0.002896 -0.000033 -0.003107 -0.015053 0.715449
0.001548 -0.003172 -0.000360 -0.003541 -0.015018 0.711168
0.002437 -0.003424 -0.001854 -0.006463 -0.014489 0.664627
0.002677 -0.006107 -0.001670 -0.010643 -0.014439 0.657440
0.002260 -0.009653 -0.000651 -0.012787 -0.014421 0.660086
0.001492 -0.013379 0.000066 -0.015228 -0.014357 0.650813
0.000605 -0.016529 -0.000426 -0.020133 -0.014109 0.617480
-0.000083 -0.019892 -0.000406 -0.023356 -0.014134 0.638422
-0.000265 -0.023248 -0.001429 -0.029896 -0.014009 0.628408
0.000463 -0.026541 -0.000159 -0.029760 -0.013859 0.585037
0.000447 -0.028535 -0.000198 -0.031740 -0.013820 0.577340
0.000153 -0.030282 0.000096 -0.032582 -0.013721 0.546436
-0.000790 -0.033086 0.000379 -0.034470 -0.013689 0.536030
-0.001284 -0.035620 0.000710 -0.036073 -0.013610 0.510525
-0.001378 -0.038395 0.000560 -0.039179 -0.013581 0.511696
-0.001916 -0.040414 -0.000374 -0.043770 -0.013521 0.507178
-0.002025 -0.041579 -0.000550 -0.045103 -0.013508 0.514814
-0.001608 -0.043611 0.000048 -0.045656 -0.013500 0.504689
-0.001611 -0.044710 0.000051 -0.046731 -0.013526 0.511442
-0.001427 -0.045119 -0.000294 -0.048474 -0.013467 0.488997
-0.001421 -0.047767 0.000112 -0.050277 -0.013499 0.487538
-0.001886 -0.049338 0.000196 -0.051670 -0.013515 0.496238
-0.002110 -0.051109 -0.000596 -0.056085 -0.013491 0.486405
-0.001294 -0.052556 -0.000740 -0.058369 -0.013394 0.476371
-0.000448 -0.054788 0.000222 -0.057608 -0.013361 0.467120
-0.002430 -0.058367 0.001284 -0.058240 -0.013317 0.462241
-0.003807 -0.059960 0.001923 -0.058141 -0.013285 0.465800
-0.003454 -0.060929 -0.000305 -0.064653 -0.013197 0.471682
-0.003453 -0.059065 -0.002203 -0.068953 -0.013056 0.444487
-0.003606 -0.057289 -0.004034 -0.071906 -0.012966 0.435386
-0.002019 -0.056330 -0.003170 -0.069114 -0.013128 0.425588
-0.001342 -0.056675 -0.001707 -0.065846 -0.013204 0.420823
-0.001879 -0.057341 -0.000601 -0.062801 -0.013277 0.418749
-0.003179 -0.057197 -0.000960 -0.063231 -0.013234 0.419770
-0.003943 -0.058041 -0.001389 -0.065224 -0.013180 0.424860
-0.002902 -0.059229 -0.001201 -0.066222 -0.013262 0.437468
-0.003645 -0.060021 -0.003156 -0.072421 -0.013152 0.462728
-0.005741 -0.059445 -0.002621 -0.069964 -0.013163 0.469231
-0.006666 -0.061124 -0.002033 -0.069296 -0.013143 0.482795
-0.006717 -0.062271 -0.001663 -0.068939 -0.013164 0.488731
-0.006611 -0.063563 -0.001953 -0.071028 -0.013208 0.505090
-0.006588 -0.064005 -0.001371 -0.069510 -0.013291 0.508419
-0.005282 -0.063468 -0.000582 -0.067052 -0.013404 0.510845
-0.003147 -0.062535 0.000082 -0.065128 -0.013497 0.515609
-0.001175 -0.059854 0.000474 -0.061436 -0.013730 0.539256
-0.001279 -0.057316 0.000275 -0.059595 -0.013739 0.540430
-0.001103 -0.055330 -0.000075 -0.058388 -0.013749 0.537895
-0.001025 -0.052972 0.000273 -0.055152 -0.013806 0.544596
-0.001681 -0.048294 -0.000426 -0.052225 -0.013899 0.574067
-0.002727 -0.047236 0.001186 -0.046327 -0.014088 0.614027
-0.003773 -0.049087 0.002962 -0.043657 -0.014108 0.622926
-0.004132 -0.050955 0.000794 -0.050070 -0.014066 0.638447
-0.002390 -0.048959 -0.000777 -0.051843 -0.014179 0.653462
0.001020 -0.046726 -0.001745 -0.052748 -0.014687 0.706462
0.002844 -0.042560 -0.001014 -0.046680 -0.015199 0.763667
0.002825 -0.042861 -0.002126 -0.049812 -0.015184 0.763628
0.001580 -0.041541 -0.000834 -0.045346 -0.015485 0.802357
-0.000963 -0.041762 -0.001255 -0.046141 -0.015083 0.771367
-0.000939 -0.040169 -0.001452 -0.045204 -0.015731 0.841407
-0.000716 -0.038912 -0.000766 -0.041873 -0.016384 0.893981
-0.001885 -0.040047 -0.000212 -0.041041 -0.016282 0.887193
-0.001781 -0.039064 0.000633 -0.037800 -0.016926 0.936733
-0.002977 -0.036853 0.000238 -0.036228 -0.017525 0.983773
-0.002403 -0.035754 0.000643 -0.034078 -0.017876 1.007546
-0.001355 -0.033076 0.000025 -0.033011 -0.018203 1.025981
0.001020 -0.031580 0.000414 -0.030252 -0.018699 1.051309
0.000362 -0.029365 -0.000186 -0.029007 -0.019491 1.107151
-0.001188 -0.028498 -0.000456 -0.028291 -0.019858 1.134682
-0.001701 -0.027493 -0.000890 -0.028103 -0.020336 1.164654
-0.000542 -0.025613 -0.000611 -0.024551 -0.021123 1.203783
-0.001030 -0.023152 -0.000556 -0.021161 -0.021547 1.218108
-0.002141 -0.022109 -0.001650 -0.023301 -0.021629 1.229177
-0.002189 -0.020234 -0.001194 -0.020780 -0.021091 1.190591
-0.000481 -0.017793 -0.001456 -0.018523 -0.021860 1.226788
0.000461 -0.013419 -0.002679 -0.015515 -0.023195 1.284945
-0.000158 -0.009071 -0.002883 -0.012474 -0.023184 1.275968
-0.002306 -0.006118 -0.003282 -0.010271 -0.023128 1.278527
-0.001516 -0.002093 -0.002013 -0.005308 -0.023440 1.286716
0.000683 0.000541 -0.001742 -0.002578 -0.024007 1.305955
0.000559 0.001828 -0.001616 -0.000848 -0.024121 1.309297
-0.000808 0.002670 -0.000889 0.000621 -0.024009 1.309676
-0.001087 0.002870 -0.001332 0.000332 -0.024359 1.327327
-0.000364 0.003672 -0.000771 0.001710 -0.024399 1.324763
-0.001432 0.003619 -0.001282 0.001215 -0.024490 1.332837
-0.001520 0.004045 -0.000877 0.001811 -0.024122 1.317505
-0.001035 0.003982 -0.000680 0.002079 -0.024474 1.330336
0.000441 0.003676 -0.000535 0.002044 -0.024535 1.328428
0.001024 0.005044 -0.000786 0.002630 -0.024998 1.350831
0.001119 0.005667 -0.000623 0.003172 -0.025092 1.363287
0.000859 0.004397 -0.000651 0.002420 -0.025099 1.355472
-0.001811 0.004428 -0.000637 0.002792 -0.025276 1.374958
-0.001979 0.004962 -0.000341 0.003415 -0.024784 1.353247
0.000269 0.003109 0.000044 0.002702 -0.025316 1.367933
0.000377 0.001675 -0.000062 0.001739 -0.025667 1.381334
0.000258 0.001478 -0.000472 0.000906 -0.025884 1.394364
0.002475 0.001051 -0.000251 0.000683 -0.025503 1.374809
0.001405 0.001403 0.000073 0.001541 -0.025345 1.367224
-0.001511 0.001719 -0.000312 0.001455 -0.025315 1.374996
-0.001651 0.001433 0.000088 0.001606 -0.025380 1.382971
-0.000141 0.000447 -0.000050 0.000410 -0.025495 1.380622
-0.000376 -0.000282 -0.000122 -0.000867 -0.025271 1.375084
-0.000084 -0.000206 -0.000084 -0.000674 -0.025285 1.375965
0.000934 -0.000063 0.000175 -0.000058 -0.025421 1.380728
0.000722 -0.000299 0.000282 -0.000141 -0.025264 1.371367
-0.000876 -0.000475 0.000289 -0.000106 -0.025724 1.399798
-0.002372 -0.000901 -0.000054 -0.001354 -0.025751 1.413813
-0.000663 -0.000255 -0.000581 -0.001620 -0.026112 1.418823
-0.000498 -0.000371 -0.000596 -0.001848 -0.026066 1.419660
0.000233 -0.000124 -0.000388 -0.001190 -0.026071 1.420004
0.000278 0.000189 -0.000404 -0.000713 -0.026381 1.434801
0.000978 0.000338 0.000029 0.000310 -0.026175 1.420434
0.001172 0.000223 -0.000507 -0.000830 -0.026355 1.427717
-0.000400 -0.000085 0.000033 -0.000001 -0.026007 1.411680
-0.000397 -0.000585 -0.000078 -0.000853 -0.026222 1.424549
-0.000527 -0.000206 -0.000011 -0.000205 -0.026060 1.411566
-0.000595 -0.000052 -0.000011 -0.000015 -0.026028 1.411999
0.000316 0.000027 0.000144 0.000390 -0.026321 1.422568
0.000199 -0.000116 -0.000192 -0.000632 -0.026217 1.421173
-0.000661 0.000056 0.000732 0.001204 -0.026178 1.422131
-0.001083 0.000117 0.000094 0.000649 -0.026430 1.433385
0.000595 0.000039 0.000166 0.000438 -0.026442 1.432559
0.001800 -0.000170 -0.000381 -0.001181 -0.026197 1.433177
-0.000276 -0.000326 -0.000169 -0.000824 -0.026334 1.436047
-0.000012 -0.000096 -0.000307 -0.000885 -0.026337 1.434062
0.000679 -0.000214 0.000028 -0.000282 -0.026609 1.451168
-0.001287 -0.000052 -0.000103 -0.000229 -0.026540 1.456074
-0.001327 -0.000298 -0.000173 -0.000763 -0.026725 1.471391
-0.000185 -0.000323 -0.000203 -0.000915 -0.026709 1.462123
0.000621 -0.000072 0.000351 0.000319 -0.026481 1.464121
-0.000130 0.000374 0.000214 0.000855 -0.026839 1.483298
-0.001532 0.000143 0.000076 0.000509 -0.027292 1.514993
-0.002303 0.000133 0.000472 0.001378 -0.027368 1.506638
-0.000415 -0.000040 0.000386 0.001220 -0.027621 1.516107
-0.000137 0.000287 0.000461 0.001636 -0.027584 1.503038
-0.000574 0.000170 0.000742 0.001593 -0.027305 1.496007
0.000483 0.000081 0.000916 0.001563 -0.027248 1.476264
0.001086 -0.000049 0.000250 0.000586 -0.027017 1.462443
0.000020 0.000062 0.000093 0.000498 -0.026651 1.443315
0.000195 0.000106 0.000028 0.000332 -0.026709 1.450741
0.000052 -0.000027 0.000145 0.000587 -0.026748 1.448365
-0.000240 0.000272 -0.000307 -0.000094 -0.027011 1.461850
-0.000930 0.000174 -0.000253 -0.000202 -0.026503 1.445047
-0.000179 0.000133 -0.000282 -0.000432 -0.026090 1.416735
0.000718 0.000265 0.000039 0.000515 -0.026071 1.413680
0.000683 0.000317 0.000633 0.001438 -0.026559 1.442250
-0.000992 0.000735 0.000075 0.001504 -0.026539 1.441035
-0.001849 0.000651 0.000523 0.001748 -0.026213 1.415816
0.000759 0.000931 0.000624 0.001698 -0.025886 1.412387
-0.000227 0.000589 0.000159 0.000971 -0.025525 1.393318
-0.000697 0.000862 0.000081 0.001398 -0.025818 1.402943
-0.000731 0.001258 0.000057 0.001542 -0.025243 1.370650
-0.000442 0.001010 0.000121 0.001301 -0.024760 1.342692
0.000449 0.000825 -0.000003 0.000427 -0.023746 1.289646
-0.000141 0.000345 -0.000083 -0.000503 -0.023377 1.272542
-0.001647 0.000459 -0.000241 -0.000401 -0.023432 1.273574
0.000203 -0.000127 0.000083 -0.000714 -0.023396 1.261800
0.001566 -0.000326 -0.000382 -0.002274 -0.022155 1.198553
0.000166 -0.000778 -0.000308 -0.003108 -0.021852 1.185515
0.000027 -0.000855 -0.000079 -0.002950 -0.020511 1.110125
-0.000050 -0.000481 -0.000409 -0.003215 -0.020490 1.110883
-0.000498 -0.000666 -0.000755 -0.003895 -0.019959 1.076423
-0.001261 -0.000527 -0.000179 -0.002594 -0.019845 1.070788
-0.000177 -0.000215 -0.000238 -0.002314 -0.019504 1.044113
0.000835 -0.000314 -0.000800 -0.003149 -0.018785 0.999456
0.000566 -0.000495 -0.000369 -0.002737 -0.018807 1.001144
0.000953 -0.000224 -0.000321 -0.001769 -0.017956 0.949754
-0.000076 -0.000027 -0.000145 -0.001326 -0.018300 0.970767
-0.000449 0.000078 0.000289 -0.000574 -0.017755 0.936693
-0.000154 0.000332 0.000009 -0.000585 -0.017149 0.900269
-0.000193 0.000148 0.000010 -0.000803 -0.016963 0.889742
-0.000072 -0.000080 0.000090 -0.000987 -0.016772 0.876795
0.000109 -0.000174 -0.000672 -0.001748 -0.016386 0.847639
0.002163 -0.000676 0.000957 -0.001264 -0.016081 0.817961
0.001701 -0.000801 0.001771 -0.000947 -0.016165 0.826628
0.000222 -0.000198 0.000068 -0.001265 -0.015920 0.805004
-0.000386 0.000471 -0.001134 -0.001368 -0.015985 0.811293
0.000634 0.000256 -0.000464 -0.001212 -0.015889 0.798841
0.000979 0.000435 0.000055 -0.000626 -0.015659 0.774152
-0.000017 0.000671 -0.000553 -0.000831 -0.015590 0.767994
-0.000734 0.001410 -0.001145 -0.000465 -0.015232 0.736985
-0.000771 0.001521 -0.000332 0.000016 -0.015462 0.760063
0.000312 0.000751 -0.000081 -0.000409 -0.015299 0.741835
0.000398 0.000817 0.000199 -0.000099 -0.015139 0.727713
0.000422 0.000561 -0.000141 -0.000594 -0.015149 0.728171
0.001397 0.000866 -0.000177 -0.000225 -0.015123 0.722116
0.002115 0.000952 -0.000954 -0.000597 -0.015234 0.729488
0.001690 0.001172 -0.000527 -0.000141 -0.015025 0.713989
0.001736 0.000904 -0.002535 -0.001431 -0.015065 0.718670
0.000990 0.000613 -0.002591 -0.001766 -0.015041 0.718512
-0.001232 0.000702 -0.000007 -0.000335 -0.014957 0.714067
-0.002599 0.000570 -0.000048 -0.000522 -0.015115 0.727960
0.000744 0.000651 -0.003664 -0.002222 -0.015038 0.717456
0.001432 0.000970 -0.004557 -0.002486 -0.014928 0.706316
0.004657 -0.000069 -0.001422 -0.001520 -0.014814 0.690930
0.006226 -0.000469 0.001535 -0.000505 -0.015117 0.712687
0.001229 0.000154 -0.003369 -0.002635 -0.015111 0.722055
-0.001813 -0.001008 -0.004325 -0.006518 -0.015314 0.745475
-0.004473 -0.001257 -0.003355 -0.004724 -0.015335 0.748019
-0.002786 -0.001618 -0.001955 -0.003924 -0.015647 0.780928
-0.000691 -0.001790 -0.000938 -0.003604 -0.015805 0.795796
0.000860 -0.002352 -0.000892 -0.004414 -0.015897 0.802104
0.001552 -0.002497 -0.001765 -0.005953 -0.015891 0.804594
-0.000696 -0.002407 -0.002483 -0.007135 -0.015893 0.811785
-0.003009 -0.003599 -0.001959 -0.007710 -0.015873 0.817132
-0.004371 -0.003468 -0.001351 -0.006074 -0.016216 0.847597
-0.002051 -0.002946 -0.000064 -0.003589 -0.016509 0.862715
0.000055 -0.002318 -0.000045 -0.003357 -0.016987 0.886522
0.000850 -0.002724 -0.000097 -0.003799 -0.017041 0.886262
0.002204 -0.003069 -0.000423 -0.004535 -0.017181 0.892067
0.000809 -0.003433 0.000004 -0.004262 -0.016943 0.884451
-0.000284 -0.002872 -0.000360 -0.004356 -0.017047 0.893948
-0.001671 -0.002821 0.000306 -0.003288 -0.017359 0.918607
-0.001711 -0.003181 0.000055 -0.003985 -0.017609 0.932764
0.000341 -0.002871 0.001483 -0.002240 -0.017636 0.929500
0.001866 -0.003232 0.000676 -0.003615 -0.018385 0.970496
0.002724 -0.003178 0.000376 -0.004115 -0.018293 0.964130
0.000803 -0.002108 -0.000227 -0.004441 -0.018736 0.997555
-0.000149 -0.001632 -0.000309 -0.004324 -0.019272 1.036491
0.000457 -0.000603 -0.000617 -0.003653 -0.020036 1.081668
0.001882 -0.000633 -0.001320 -0.004384 -0.019914 1.073771
0.002827 -0.000204 -0.000999 -0.003298 -0.019990 1.076588
0.002214 0.000200 0.000470 -0.000652 -0.020287 1.096303
-0.003469 0.000772 0.000394 0.000266 -0.021142 1.160020
-0.005829 0.000596 -0.000406 -0.000722 -0.021315 1.180977
-0.001921 0.000800 -0.000328 -0.000389 -0.022079 1.216583
0.001826 0.000700 -0.001113 -0.001900 -0.022553 1.228317
0.001294 0.000790 -0.000983 -0.001652 -0.022616 1.235395
-0.000268 0.000545 -0.000823 -0.001753 -0.022917 1.250794
0.000623 0.000406 -0.000308 -0.001112 -0.022895 1.247956
0.000411 0.000610 -0.000135 -0.000218 -0.023820 1.299846
-0.002372 0.001513 -0.000288 0.001097 -0.024314 1.332305
-0.001233 0.001198 -0.000292 0.000772 -0.024736 1.351716
0.000831 0.001158 -0.000969 -0.000592 -0.024808 1.343175
-0.000423 0.001468 -0.000468 0.000459 -0.024426 1.337489
0.001614 0.001863 -0.001392 -0.000201 -0.025426 1.388296
0.008327 0.002509 0.000233 0.001597 -0.024718 1.362636
0.002007 0.000850 0.000354 0.001171 -0.025562 1.399916
-0.006243 0.001155 -0.001406 -0.000735 -0.025343 1.410136
-0.004960 0.001978 -0.001716 -0.000265 -0.024897 1.386851
-0.000169 0.001348 -0.000416 0.001068 -0.026346 1.417524
0.000948 0.001085 -0.000505 0.000528 -0.026493 1.431990
0.000175 0.000801 -0.000396 0.000445 -0.027002 1.459938
-0.000397 0.000265 -0.000038 0.000396 -0.026564 1.458786
-0.000189 0.000685 0.000410 0.001902 -0.027326 1.488578
-0.001057 0.000365 -0.000036 0.000957 -0.027040 1.468090
-0.001356 0.000397 0.000167 0.001395 -0.026845 1.455539
-0.002111 0.000364 -0.000244 0.000461 -0.026737 1.454108
-0.002607 0.000298 -0.000212 0.000605 -0.026676 1.440669
-0.000074 0.000498 -0.000046 0.001105 -0.026958 1.448455
0.001236 0.000480 -0.000348 0.000269 -0.027132 1.469142
0.000366 0.000280 -0.000033 0.000608 -0.026855 1.450428
-0.000003 -0.000144 -0.000199 -0.000352 -0.027161 1.474159
-0.000808 -0.000040 -0.000174 -0.000112 -0.026842 1.457519
0.000511 0.000204 -0.000272 -0.000006 -0.027181 1.473181
0.001900 -0.000077 -0.000008 0.000074 -0.026953 1.460824
-0.001348 0.000085 0.000073 0.000760 -0.026941 1.460510
-0.003160 -0.000130 0.000261 0.000748 -0.026713 1.443632
-0.001804 -0.000198 -0.000098 0.000026 -0.027092 1.467400
0.000365 -0.000383 0.000226 0.000235 -0.026880 1.454395
0.002164 -0.000469 0.000145 -0.000482 -0.026439 1.443588
0.002254 -0.000467 -0.000230 -0.001053 -0.026769 1.458202
0.000192 -0.000562 -0.000045 -0.000713 -0.026741 1.457672
-0.001099 -0.000661 -0.000572 -0.001852 -0.026420 1.433767
-0.002273 -0.000442 -0.000383 -0.000977 -0.026490 1.441436
-0.002135 -0.000389 -0.000880 -0.001897 -0.026259 1.431694
0.000455 -0.000322 -0.000816 -0.001887 -0.026690 1.446799
0.004037 0.000096 -0.000823 -0.001162 -0.026297 1.431667
0.002323 0.000117 -0.000387 -0.000497 -0.026275 1.419963
-0.000140 -0.000235 -0.000002 -0.000057 -0.026547 1.437774
-0.002223 -0.000192 0.000243 0.000619 -0.026701 1.451229
-0.000427 -0.000037 -0.000166 -0.000196 -0.026556 1.436235
0.001099 0.000459 -0.000925 -0.000961 -0.026257 1.412171
0.000384 0.000081 -0.000484 -0.000787 -0.026391 1.421186
0.000618 -0.000039 -0.000057 -0.000065 -0.026301 1.417979
0.000363 -0.000300 -0.000119 -0.000549 -0.026396 1.424564
-0.000161 -0.000136 0.000619 0.001088 -0.026518 1.428830
-0.001127 -0.000033 0.000884 0.001287 -0.026283 1.425653
-0.000854 -0.000217 -0.000022 -0.000056 -0.026209 1.418421
0.000497 0.000036 -0.000112 -0.000193 -0.026186 1.418414
-0.000005 0.000402 -0.000376 -0.000230 -0.026265 1.426190
-0.000022 0.000353 -0.000427 -0.000494 -0.025943 1.407109
0.000076 0.000223 -0.000831 -0.001455 -0.025979 1.412697
-0.000504 0.000203 -0.000237 -0.000570 -0.025640 1.406125
0.000196 -0.000484 -0.000134 -0.001540 -0.024886 1.370247
0.000061 -0.000084 0.000275 0.000051 -0.024991 1.367814
-0.000017 -0.000199 -0.000136 -0.000900 -0.025066 1.366659
0.002829 0.000371 -0.000282 -0.000290 -0.025026 1.354771
0.004455 0.000553 -0.000760 -0.000922 -0.024549 1.337167
0.001803 0.000799 -0.002349 -0.002639 -0.024836 1.353163
-0.001501 0.000322 -0.001514 -0.002294 -0.024939 1.364236
-0.001493 0.000013 -0.000283 -0.000776 -0.025004 1.368076
-0.001656 -0.000110 0.000515 0.000418 -0.024831 1.363746
-0.002227 -0.000284 0.001866 0.001302 -0.025320 1.379409
-0.001340 -0.000045 0.001771 0.001444 -0.025338 1.377408
0.000514 -0.000122 0.000593 0.000410 -0.025075 1.366966
0.002055 -0.000049 0.000565 0.000416 -0.025173 1.366118
0.001708 0.000248 -0.000680 -0.001142 -0.025413 1.374095
0.000397 0.000394 -0.001110 -0.001551 -0.025838 1.395190
-0.000184 -0.000130 -0.000623 -0.001665 -0.025815 1.399068
0.000386 -0.000219 -0.000467 -0.001589 -0.025395 1.377466
0.000829 0.000233 -0.000438 -0.000936 -0.025146 1.366756
0.000047 -0.000320 -0.000215 -0.001296 -0.025175 1.372964
-0.000556 -0.000549 -0.000111 -0.001254 -0.025192 1.374819
0.000099 0.000106 -0.000777 -0.001660 -0.025495 1.389231
-0.000241 0.000035 -0.000683 -0.001531 -0.025666 1.394434
-0.002300 -0.000271 -0.001202 -0.002280 -0.025717 1.400190
-0.000115 -0.000271 -0.000210 -0.001051 -0.025500 1.392925
0.002568 0.000025 0.000037 -0.000177 -0.025485 1.389753
0.000101 -0.000175 -0.000136 -0.000581 -0.025711 1.398708
-0.000561 -0.000126 -0.000019 0.000032 -0.026003 1.410349
0.001058 -0.000111 -0.000078 -0.000195 -0.026080 1.408944
0.001939 -0.000009 -0.000588 -0.001127 -0.025800 1.400814
0.000166 -0.000523 -0.000283 -0.001454 -0.025915 1.412843
-0.001297 -0.000658 -0.000144 -0.001032 -0.025999 1.412780
-0.000372 -0.000674 0.000699 0.000332 -0.026084 1.417615
0.000388 -0.000530 0.000184 -0.000069 -0.026410 1.423430
-0.000019 -0.000111 -0.000168 -0.000398 -0.026287 1.418422
0.001188 0.000017 -0.000535 -0.000879 -0.026492 1.423827
-0.001347 -0.000414 -0.000612 -0.001635 -0.026142 1.418768
-0.002864 -0.000604 -0.000499 -0.001331 -0.026067 1.421645
-0.000454 -0.000523 0.000070 -0.000310 -0.025888 1.400133
0.000371 -0.000780 0.000625 0.000192 -0.026040 1.405570
-0.000436 -0.000360 0.000990 0.001004 -0.026195 1.410924
-0.000785 -0.000082 -0.000147 -0.000162 -0.026324 1.416200
-0.000223 -0.000382 0.000056 -0.000013 -0.026287 1.415588
-0.000428 -0.000343 0.000213 0.000351 -0.026127 1.407769
-0.000825 -0.000323 0.000373 0.000587 -0.025991 1.401434
-0.000673 -0.000161 0.000370 0.000740 -0.026009 1.405551
0.003373 -0.000027 0.000868 0.000984 -0.025839 1.389202
0.003177 -0.000189 0.001104 0.000959 -0.025873 1.397035
0.000351 -0.000179 0.000259 0.000421 -0.026189 1.415316
-0.001836 -0.000170 0.000226 0.000481 -0.026246 1.424027
-0.000555 -0.000075 -0.000269 -0.000700 -0.026070 1.409857
0.000741 -0.000199 -0.000297 -0.001105 -0.025802 1.394520
-0.000203 -0.000280 -0.000121 -0.000687 -0.025883 1.403340
-0.000603 0.000009 -0.000144 -0.000330 -0.025632 1.388650
0.001558 0.000486 0.000293 0.000955 -0.025598 1.385355
0.000305 0.000346 0.000012 0.000471 -0.026076 1.414318
-0.000534 0.000051 0.000032 0.000199 -0.026035 1.418651
0.000002 0.000105 0.000150 0.000700 -0.026216 1.415338
0.000578 0.000245 0.000091 0.000446 -0.025960 1.409424
-0.000344 0.000042 -0.000242 -0.000614 -0.025864 1.405702
-0.001029 0.000080 -0.000522 -0.000911 -0.026061 1.409473
-0.000375 -0.000022 -0.000483 -0.001252 -0.025752 1.396958
-0.000371 0.000141 -0.000776 -0.001501 -0.025539 1.380140
-0.000069 0.000079 -0.000739 -0.001494 -0.025521 1.373435
-0.000017 -0.000123 -0.000240 -0.000818 -0.025560 1.377135
0.000920 -0.000268 -0.000244 -0.000957 -0.025779 1.385455
0.001522 -0.000037 -0.000430 -0.001130 -0.025191 1.362178
0.000381 -0.000250 -0.000196 -0.001026 -0.025326 1.370362
-0.000499 -0.000425 0.000173 -0.000040 -0.025711 1.388037
-0.001731 -0.000531 0.000488 0.000233 -0.025439 1.379249
-0.002084 -0.000512 0.000263 -0.000160 -0.025474 1.384319
0.000334 -0.000541 0.000291 -0.000205 -0.025566 1.385072
0.003089 -0.000103 -0.000068 -0.000623 -0.025351 1.381189
0.002363 0.000268 -0.000933 -0.001603 -0.025300 1.378274
-0.001093 0.000102 -0.000155 -0.000141 -0.025883 1.400297
-0.003214 0.000277 0.000392 0.001053 -0.025538 1.388248
-0.001239 0.000051 0.000324 0.000764 -0.025494 1.378863
0.000246 -0.000050 0.000086 -0.000112 -0.025151 1.360203
0.002310 0.000193 -0.000078 -0.000336 -0.024949 1.350892
0.001742 0.000400 -0.000551 -0.000841 -0.024786 1.340339
0.001265 0.000642 -0.000979 -0.001223 -0.024690 1.331370
-0.000711 0.000557 -0.000653 -0.000895 -0.024558 1.331482
-0.000756 0.000309 0.000023 0.000061 -0.024206 1.318539
0.001066 0.000173 0.000182 0.000154 -0.024698 1.336728
0.000868 0.000118 0.000038 -0.000163 -0.024703 1.334524
-0.001011 0.000306 0.000099 0.000420 -0.024438 1.324629
-0.000495 0.000194 0.000136 0.000306 -0.024424 1.325858
0.000058 0.000410 0.000064 0.000411 -0.024511 1.327401
-0.000088 0.000541 0.000219 0.000898 -0.024381 1.315034
0.000406 0.000747 0.000171 0.000952 -0.024338 1.311083
0.000127 0.000536 -0.000015 0.000315 -0.024177 1.301473
0.000292 0.000310 -0.000026 -0.000308 -0.023751 1.284004
0.000516 0.000275 0.000002 -0.000338 -0.023737 1.283120
0.001342 0.000476 -0.000410 -0.000822 -0.023732 1.283420
0.001498 0.000213 -0.000255 -0.000712 -0.024238 1.307451
-0.000514 0.000296 -0.000247 -0.000687 -0.023959 1.295928
-0.001814 0.000036 -0.000291 -0.001034 -0.023619 1.282453
0.000659 -0.000087 -0.000038 -0.001003 -0.023577 1.275760
0.000647 0.000013 -0.000419 -0.001670 -0.023498 1.271825
-0.000226 0.000001 -0.000143 -0.001136 -0.023436 1.270500
-0.000251 -0.000142 -0.000240 -0.001479 -0.023553 1.276413
-0.000785 0.000258 -0.000214 -0.000848 -0.023191 1.257769
-0.000541 0.000053 -0.000290 -0.001473 -0.022829 1.241574
-0.000059 0.000035 -0.000344 -0.001823 -0.022466 1.223300
-0.000115 0.000199 -0.000399 -0.001854 -0.021969 1.200412
0.000058 0.000567 -0.000267 -0.000866 -0.022406 1.216848
0.000198 0.000423 -0.000038 -0.000437 -0.022692 1.231564
-0.000060 0.001104 -0.000276 -0.000140 -0.022223 1.207583
-0.000789 0.000747 -0.000392 -0.001013 -0.021454 1.171515
-0.000052 0.000783 -0.000181 -0.000703 -0.021116 1.151679
0.001065 0.000730 -0.000421 -0.001083 -0.021523 1.168912
0.001680 0.000644 -0.000442 -0.001353 -0.020848 1.127744
0.000127 0.000624 -0.000396 -0.001534 -0.020346 1.104485
-0.001040 0.000172 -0.000086 -0.001509 -0.020510 1.117608
-0.000986 0.000167 0.000113 -0.001124 -0.020134 1.092699
-0.000276 0.000006 0.001096 -0.000379 -0.019614 1.057090
0.000388 0.000156 -0.000048 -0.001429 -0.019959 1.075280
-0.000817 -0.000119 -0.000598 -0.002663 -0.019738 1.062989
-0.001675 -0.000026 -0.000206 -0.001752 -0.019711 1.062041
0.000498 0.000697 0.000222 -0.000171 -0.019410 1.038730
0.001492 0.001011 0.000086 -0.000022 -0.018671 0.990690
0.000256 0.000773 0.000097 -0.000161 -0.017977 0.952270
-0.000210 0.000742 0.000681 0.000219 -0.017969 0.951309
-0.000056 0.001326 0.000587 0.000777 -0.017420 0.916054
0.000286 0.000211 0.000183 -0.000548 -0.016910 0.884276
0.000813 -0.001744 0.001258 -0.001843 -0.016406 0.847798
0.001269 -0.007079 0.002153 -0.004104 -0.015901 0.802625
0.000762 -0.015317 0.002344 -0.011293 -0.015513 0.771243
0.000283 -0.021440 0.001595 -0.019065 -0.014959 0.723458
-0.001341 -0.026508 -0.000001 -0.027981 -0.014831 0.717350
-0.003094 -0.029268 -0.001232 -0.033861 -0.014568 0.698910
-0.003094 -0.030919 -0.001597 -0.037066 -0.014031 0.648164
-0.000644 -0.034794 -0.000993 -0.039907 -0.013881 0.617402
0.000852 -0.039375 -0.000500 -0.043500 -0.013908 0.605917
0.001287 -0.043626 -0.000280 -0.047238 -0.013637 0.548489
0.000570 -0.046725 -0.000471 -0.051153 -0.013534 0.538464
-0.000605 -0.049909 -0.000713 -0.054912 -0.013419 0.530013
-0.000928 -0.054978 0.000023 -0.057882 -0.013428 0.532105
-0.000418 -0.056621 -0.000420 -0.061106 -0.013345 0.512266
-0.001275 -0.058129 -0.001807 -0.066184 -0.013243 0.520183
-0.002017 -0.060343 -0.001804 -0.068568 -0.013152 0.497862
-0.002560 -0.063215 -0.001316 -0.069934 -0.013183 0.498327
-0.001934 -0.065665 -0.000491 -0.070341 -0.013230 0.504906
-0.002551 -0.067385 -0.000372 -0.071211 -0.013264 0.509571
-0.003283 -0.067405 -0.000013 -0.069889 -0.013335 0.517190
-0.002839 -0.068553 0.000538 -0.069363 -0.013421 0.527368
-0.003366 -0.067775 -0.000952 -0.072768 -0.013252 0.504866
-0.002119 -0.067166 -0.000714 -0.072138 -0.013253 0.499347
-0.000858 -0.067204 -0.000205 -0.070889 -0.013292 0.500227
0.000264 -0.067659 0.000921 -0.068338 -0.013343 0.499104
0.000825 -0.067670 0.000683 -0.068777 -0.013331 0.496122
0.001099 -0.065763 -0.000190 -0.069709 -0.013320 0.497812
0.000121 -0.064956 -0.000638 -0.070592 -0.013308 0.490520
-0.003139 -0.066349 -0.001363 -0.073408 -0.013232 0.492126
-0.007482 -0.066024 -0.002180 -0.074006 -0.013126 0.518855
-0.009277 -0.066294 -0.001845 -0.072401 -0.013195 0.545712
-0.009399 -0.064863 -0.001906 -0.070906 -0.013251 0.554371
-0.008794 -0.065426 -0.002274 -0.072740 -0.013322 0.561292
-0.008055 -0.065019 -0.002326 -0.072711 -0.013322 0.560584
-0.004687 -0.064837 -0.001403 -0.071020 -0.013395 0.535371
-0.003548 -0.064656 -0.000771 -0.069196 -0.013502 0.539228
-0.005154 -0.066595 0.001180 -0.066011 -0.013570 0.554670
-0.006486 -0.065710 0.000901 -0.064999 -0.013620 0.589720
-0.005638 -0.064699 0.000351 -0.064970 -0.013786 0.619854
-0.003104 -0.064200 -0.000759 -0.067200 -0.013773 0.623368
-0.000609 -0.064409 -0.000587 -0.067908 -0.013823 0.607564
0.001444 -0.062969 0.000651 -0.063280 -0.013910 0.598035
0.001641 -0.062441 0.001438 -0.060662 -0.014029 0.612628
0.000157 -0.059487 0.001073 -0.058401 -0.014176 0.647698
-0.002223 -0.059381 0.000350 -0.059645 -0.014157 0.657727
-0.002251 -0.058894 -0.000182 -0.061038 -0.014050 0.645205
-0.001654 -0.058770 -0.000305 -0.061299 -0.014176 0.660024
-0.001595 -0.056647 -0.001162 -0.061351 -0.014332 0.677353
-0.001517 -0.053400 -0.001563 -0.058936 -0.014382 0.684543
0.000583 -0.046355 -0.002678 -0.054704 -0.014577 0.699176
0.000651 -0.040352 -0.003762 -0.051233 -0.014694 0.717047
-0.000166 -0.036759 -0.003293 -0.046721 -0.014829 0.742687
-0.001368 -0.033300 -0.000785 -0.036870 -0.014967 0.751405
-0.001011 -0.032341 -0.000863 -0.035993 -0.015086 0.769719
-0.000401 -0.029820 -0.001190 -0.034453 -0.015185 0.775550
0.000256 -0.025543 -0.001298 -0.030322 -0.016057 0.854157
0.000748 -0.022231 -0.002830 -0.030584 -0.016325 0.867962
0.001429 -0.014578 -0.003142 -0.023851 -0.016494 0.870143
0.001232 -0.008384 -0.003399 -0.017845 -0.017097 0.906430
0.000129 -0.003562 -0.001952 -0.008254 -0.017925 0.957032
-0.000345 -0.001284 -0.000418 -0.003554 -0.017737 0.944568
-0.000790 -0.001224 0.000375 -0.002195 -0.017938 0.960051
-0.000710 -0.001375 0.000031 -0.003127 -0.018131 0.977823
0.000268 -0.001284 0.000374 -0.002769 -0.019001 1.021955
-0.000005 -0.002039 -0.000266 -0.004699 -0.019942 1.079291
-0.001176 -0.001358 -0.000091 -0.003637 -0.019547 1.055222
-0.002351 -0.000877 -0.000163 -0.003086 -0.019873 1.077754
-0.000784 -0.001251 0.000237 -0.003011 -0.020349 1.105299
0.000883 -0.000601 -0.000294 -0.003095 -0.021002 1.136149
0.000838 -0.000557 0.000266 -0.002090 -0.020680 1.117431
0.000001 -0.000424 0.000021 -0.002159 -0.020935 1.139060
0.000088 -0.000345 -0.000205 -0.002494 -0.021572 1.171594
0.000667 0.000052 -0.000065 -0.001619 -0.021453 1.165747
0.000687 0.000201 -0.000059 -0.001137 -0.022199 1.204421
-0.000131 0.000246 -0.000010 -0.000671 -0.022702 1.230579
-0.000249 0.000327 -0.000087 -0.000955 -0.022031 1.198266
0.001704 0.000521 -0.000030 -0.000436 -0.022638 1.225310
0.003074 0.000516 -0.000299 -0.000953 -0.022262 1.202841
0.002068 0.000806 0.000542 0.000667 -0.022600 1.219326
0.000718 0.000092 0.000719 0.000104 -0.022692 1.229214
-0.000648 -0.000453 0.000078 -0.001440 -0.022813 1.241157
0.000308 -0.001278 0.000161 -0.002236 -0.023022 1.252467
0.002139 -0.001314 -0.000213 -0.002760 -0.023817 1.291668
0.000903 -0.002162 -0.000144 -0.003237 -0.024084 1.316098
-0.000883 -0.003351 -0.000185 -0.003761 -0.024596 1.349327
-0.001554 -0.002554 0.000029 -0.002924 -0.024579 1.348597
0.000344 -0.001116 -0.000308 -0.002396 -0.025225 1.364071
0.000196 -0.000910 0.000021 -0.001120 -0.025732 1.382587
0.001097 -0.000492 0.000516 0.000359 -0.026655 1.435189
0.000532 -0.000579 -0.000193 -0.001087 -0.026905 1.449070
-0.000066 -0.000763 -0.000293 -0.001748 -0.026574 1.443614
-0.000561 -0.000344 -0.000004 -0.000272 -0.026990 1.485203
-0.002457 -0.000214 -0.000740 -0.001117 -0.027358 1.490404
-0.000808 -0.000439 0.000091 0.000273 -0.027514 1.488748
-0.002140 -0.000453 0.000005 -0.000054 -0.027476 1.492383
-0.004524 -0.000852 -0.000553 -0.001499 -0.027062 1.511804
-0.003697 -0.000161 0.000212 0.000675 -0.027930 1.542827
-0.001581 -0.000003 0.000145 0.001004 -0.027987 1.527663
-0.000833 -0.000134 -0.000283 -0.000176 -0.028595 1.561053
-0.000145 -0.000208 0.000044 0.000626 -0.028651 1.559300
0.002263 -0.000162 -0.000334 -0.000578 -0.028103 1.539445
0.001973 -0.000062 0.000224 0.000856 -0.028359 1.530395
0.000286 0.000227 0.000080 0.001269 -0.028935 1.573187
-0.001014 0.000041 -0.000043 0.000863 -0.028543 1.552215
0.000526 -0.000029 0.000873 0.001657 -0.028333 1.553138
0.001683 0.000072 0.000278 0.001217 -0.028432 1.538843
0.000266 0.000062 0.000111 0.001061 -0.028795 1.567361
-0.000996 0.000026 0.000326 0.001657 -0.028954 1.588220
-0.002000 -0.000127 0.000292 0.001184 -0.028754 1.581714
-0.001514 -0.000319 0.000146 0.000557 -0.028054 1.534174
0.001245 -0.000373 0.000805 0.000990 -0.027785 1.524623
0.004303 -0.000300 -0.000177 -0.000789 -0.027570 1.528571
0.001719 -0.000436 -0.000781 -0.001956 -0.028116 1.570941
-0.000462 -0.000325 -0.000268 -0.000528 -0.028522 1.558458
-0.000372 -0.000412 -0.000263 -0.000975 -0.027685 1.523690
0.002267 -0.000432 0.001481 0.001418 -0.027789 1.510301
-0.000379 -0.000650 0.000624 0.000607 -0.027515 1.499601
-0.000948 -0.000583 0.000951 0.001097 -0.027579 1.502769
0.001866 -0.000679 0.000237 -0.000741 -0.026466 1.447988
0.003585 -0.000865 0.000356 -0.000991 -0.026122 1.433282
0.000136 -0.000417 0.000442 0.000457 -0.026901 1.464007
-0.003419 -0.000473 -0.000175 -0.000624 -0.026530 1.460695
0.000515 -0.000330 0.000071 -0.000070 -0.026850 1.452714
0.001079 -0.000122 -0.000599 -0.001280 -0.026459 1.426595
0.000867 0.000125 -0.000563 -0.000897 -0.026599 1.432052
0.000121 0.000199 -0.000036 0.000694 -0.027319 1.464340
0.000412 0.000001 0.000185 0.000965 -0.027473 1.472848
0.000857 -0.000003 0.000238 0.000770 -0.026938 1.445397
-0.000194 0.000119 -0.000110 0.000113 -0.026708 1.452093
0.000071 0.000132 0.000450 0.001396 -0.027103 1.464325
0.000033 0.000059 0.000922 0.001536 -0.026847 1.440259
-0.000853 0.000292 0.000384 0.001543 -0.026954 1.449055
0.000488 0.000479 -0.000243 0.000464 -0.027059 1.450221
0.001488 0.000552 -0.000553 -0.000395 -0.026095 1.406827
0.002000 0.000581 -0.000390 0.000221 -0.026524 1.420622
0.000468 0.000344 -0.000416 -0.000255 -0.026447 1.418702
-0.001059 0.000362 -0.000308 0.000137 -0.026632 1.433064
-0.001028 0.000367 -0.000506 -0.000386 -0.026335 1.426525
0.000056 0.000540 -0.000176 0.000435 -0.026500 1.446458
0.001381 0.000458 -0.000453 -0.000379 -0.026260 1.431273
0.001872 0.000621 0.000301 0.001321 -0.026497 1.431734
-0.000859 0.000353 -0.000007 0.000792 -0.026544 1.435099
-0.000547 0.000378 -0.000150 0.000580 -0.027029 1.453499
0.004650 0.000566 -0.000654 -0.000232 -0.026551 1.433074
0.004803 0.001087 -0.001873 -0.001182 -0.026476 1.422141
0.002443 0.000553 -0.000426 0.000025 -0.026276 1.413835
0.000603 0.000218 0.000261 0.001040 -0.026549 1.419373
-0.000169 0.000159 0.000464 0.001005 -0.025564 1.377611
-0.001432 -0.000136 0.000608 0.000647 -0.025048 1.361378
-0.001505 -0.000260 0.000353 0.000109 -0.025172 1.370234
0.000111 -0.000177 0.000579 0.000845 -0.026071 1.405696
0.001445 -0.000336 0.000129 -0.000187 -0.026534 1.432735
0.001127 -0.000387 0.000238 -0.000092 -0.026120 1.403485
-0.000709 -0.000595 -0.000467 -0.002097 -0.025301 1.375161
0.000003 -0.000667 0.000284 -0.000319 -0.025500 1.372656
-0.000486 -0.000837 -0.000106 -0.001479 -0.025342 1.372986
0.000082 -0.000818 0.000743 -0.000062 -0.025161 1.355966
0.001492 -0.000567 0.000204 -0.000614 -0.025109 1.346383
0.001149 -0.000096 0.000108 -0.000225 -0.025042 1.345369
0.000660 -0.000097 -0.000527 -0.001546 -0.024799 1.332729
-0.000139 -0.000243 -0.000325 -0.001352 -0.025079 1.349811
-0.000240 -0.000373 -0.000371 -0.001561 -0.025152 1.355626
0.001059 -0.000230 -0.000507 -0.001753 -0.024687 1.329505
-0.000081 0.000277 -0.000694 -0.001444 -0.024705 1.330129
0.000218 -0.000090 -0.000045 -0.000453 -0.024802 1.331125
0.000249 0.000022 0.000241 0.000495 -0.025114 1.348774
0.001425 -0.000165 0.000848 0.000826 -0.025454 1.361534
0.000324 -0.000189 -0.000099 -0.000726 -0.025087 1.347726
-0.000866 -0.000362 0.000407 0.000167 -0.025104 1.358489
-0.000696 -0.000112 -0.000005 -0.000252 -0.025053 1.348436
0.000594 0.000076 0.000181 0.000259 -0.025350 1.363854
0.000474 0.000077 0.000099 0.000044 -0.025239 1.357820
0.000399 0.000117 -0.000007 -0.000360 -0.024907 1.347746
0.000138 -0.000131 -0.000135 -0.001542 -0.023134 1.262229
0.000129 -0.000380 0.000923 0.000334 -0.024765 1.340226
-0.000035 -0.000097 -0.000072 -0.000655 -0.025101 1.357391
0.000810 -0.000058 -0.000240 -0.000918 -0.025399 1.367890
0.000622 -0.000564 -0.000253 -0.001959 -0.024306 1.309623
-0.000166 -0.000896 -0.000570 -0.003085 -0.024019 1.301125
0.000250 -0.000644 0.000073 -0.001121 -0.024455 1.318209
0.000247 -0.000588 -0.000131 -0.001534 -0.024643 1.325612
-0.001252 -0.000506 0.000095 -0.000707 -0.024762 1.335605
-0.000818 -0.000535 0.000546 0.000123 -0.024828 1.334479
0.000490 0.000006 0.000187 0.000036 -0.024634 1.321931
0.000926 0.000096 0.000141 -0.000262 -0.023948 1.289298
0.000172 -0.000090 -0.000088 -0.000702 -0.024438 1.313257
-0.000394 0.000408 0.000809 0.001155 -0.024516 1.321435
-0.000179 0.000315 0.000858 0.001159 -0.024884 1.340952
0.000109 -0.000073 0.000449 -0.000064 -0.023778 1.289822
0.000189 0.000008 0.000377 -0.000201 -0.023340 1.270166
-0.000318 0.000240 0.000080 0.000068 -0.024493 1.328541
-0.000966 0.000051 0.000139 -0.000283 -0.023872 1.299968
0.000420 -0.000583 -0.000075 -0.001427 -0.024639 1.328295
0.000143 -0.000609 -0.000233 -0.002000 -0.024212 1.306946
-0.001040 -0.000390 -0.001430 -0.003530 -0.023632 1.282764
-0.002616 -0.000640 -0.000275 -0.001894 -0.023682 1.288690
-0.002877 -0.000993 -0.000334 -0.002520 -0.022989 1.252156
-0.002894 -0.000156 0.000002 -0.001040 -0.022687 1.235474
0.000033 -0.000281 -0.000105 -0.001410 -0.023420 1.262726
0.001861 -0.000496 0.000857 -0.000421 -0.023200 1.248972
0.001358 -0.000602 -0.000036 -0.001984 -0.022804 1.229577
0.000690 -0.000640 0.000400 -0.001302 -0.022748 1.228198
0.001097 -0.000680 0.000008 -0.002076 -0.022715 1.225732
0.000854 -0.000804 0.000058 -0.002276 -0.022435 1.211401
-0.000600 -0.000808 0.000096 -0.001904 -0.022687 1.226851
-0.000068 -0.000448 0.000682 -0.000872 -0.022191 1.200955
0.000542 -0.000838 0.000741 -0.001192 -0.022560 1.219325
0.000649 -0.000446 0.000311 -0.000957 -0.023166 1.247351
0.000552 -0.000415 0.000573 -0.000631 -0.023028 1.242559
0.001203 -0.001119 0.001186 -0.001000 -0.022718 1.226202
0.000046 -0.001081 -0.000005 -0.002586 -0.022342 1.212072
-0.000827 -0.000728 -0.000314 -0.002997 -0.021960 1.195194
0.001293 -0.000467 -0.000254 -0.002478 -0.022122 1.194619
0.001692 0.000078 -0.001226 -0.003205 -0.021913 1.181674
0.000150 0.000262 -0.000968 -0.002571 -0.022353 1.205791
-0.000084 0.000339 -0.000948 -0.002499 -0.022026 1.188008
-0.000179 0.000650 -0.000602 -0.001762 -0.021360 1.158658
-0.000897 0.001381 -0.000168 0.000179 -0.021450 1.164632
-0.001183 0.000846 -0.000879 -0.001745 -0.021509 1.169266
0.002054 0.000493 0.001782 0.000709 -0.021537 1.161223
0.003941 0.000288 0.001842 0.000532 -0.021669 1.164480
-0.000895 0.001127 -0.001153 -0.001724 -0.021017 1.142156
-0.002996 0.001679 -0.000087 0.000329 -0.020002 1.090662
-0.000145 0.001774 -0.000598 -0.000248 -0.020232 1.095143
0.003502 0.002123 0.000793 0.001382 -0.020203 1.081151
0.005183 0.001792 0.000756 0.000828 -0.019803 1.058256
0.005474 0.001572 0.001595 0.001157 -0.020421 1.094679
0.002205 0.001424 0.001494 0.001237 -0.020572 1.108962
-0.001869 0.001216 0.000134 0.000108 -0.019821 1.075936
-0.000969 0.000889 -0.000445 -0.001295 -0.019946 1.081910
0.001484 0.000579 -0.000153 -0.001353 -0.020352 1.101155
0.002816 0.000642 0.000755 0.000008 -0.020243 1.090566
0.000641 0.000958 -0.000043 -0.000448 -0.020237 1.091408
-0.000678 0.000692 0.000131 -0.000557 -0.020344 1.102878
-0.000625 0.000142 0.000928 -0.000316 -0.020052 1.081058
0.000175 0.000153 0.001085 -0.000336 -0.019464 1.043875
0.000205 -0.000641 0.001389 -0.000984 -0.019508 1.048954
0.001106 -0.001417 0.001937 -0.001376 -0.019151 1.025216
0.003777 -0.001640 0.001831 -0.001762 -0.019493 1.041753
0.004618 -0.001190 0.000908 -0.002395 -0.020181 1.082845
0.004601 -0.002752 0.000836 -0.003839 -0.020026 1.074475
0.002207 -0.003282 0.000242 -0.004960 -0.019878 1.069236
0.000103 -0.004068 -0.000042 -0.005656 -0.019969 1.077549
-0.000863 -0.005637 -0.000378 -0.007382 -0.019615 1.063421
0.000361 -0.005559 0.000163 -0.006136 -0.019973 1.081774
0.000300 -0.005830 -0.000510 -0.008061 -0.019646 1.062725
-0.000170 -0.004693 -0.000634 -0.007392 -0.020136 1.094454
-0.000516 -0.002887 -0.001519 -0.007324 -0.020151 1.097228
0.000874 -0.000214 -0.002014 -0.004939 -0.020530 1.116476
0.001638 0.001370 -0.002169 -0.002711 -0.020528 1.116358
0.001565 0.003582 -0.002036 -0.000410 -0.020725 1.125679
0.000453 0.005803 -0.000592 0.002556 -0.020757 1.129110
-0.000122 0.006932 -0.000071 0.004406 -0.020670 1.128772
0.000729 0.008128 0.000325 0.006544 -0.020623 1.128286
0.001809 0.009585 -0.000239 0.006729 -0.020527 1.122368
0.001862 0.009565 0.000176 0.007777 -0.020401 1.118556
0.000680 0.009077 0.000430 0.007724 -0.020483 1.127167
0.001387 0.009020 0.000608 0.007932 -0.020773 1.141649
0.001277 0.008031 0.001550 0.008778 -0.021025 1.155785
0.000189 0.006667 0.001338 0.007136 -0.021107 1.160066
-0.000040 0.004996 0.000505 0.004115 -0.021250 1.162283
0.000091 0.004481 0.000485 0.003757 -0.021827 1.192940
0.000136 0.003938 -0.000184 0.002114 -0.022162 1.208854
-0.000172 0.002950 -0.000902 0.000917 -0.022646 1.234673
0.000052 0.002415 -0.001245 0.000194 -0.022860 1.247645
-0.000955 0.001955 0.000611 0.002109 -0.023098 1.263691
0.000721 0.000741 0.001092 0.001164 -0.023528 1.282055
0.004340 0.000286 0.001721 0.001092 -0.024077 1.309104
0.000821 0.000276 0.002694 0.001597 -0.023934 1.305872
-0.002627 -0.000833 0.002556 0.000828 -0.024218 1.324397
-0.001460 -0.002308 0.002817 0.000162 -0.025157 1.358900
-0.001404 -0.004693 0.002812 -0.001420 -0.024658 1.360968
0.000920 -0.005790 0.002977 -0.001937 -0.024220 1.333412
0.001589 -0.006116 0.002564 -0.002094 -0.024715 1.347100
0.000723 -0.005965 0.002299 -0.002278 -0.024397 1.329673
0.000715 -0.006363 0.001246 -0.003569 -0.024490 1.335988
-0.000813 -0.005390 -0.000047 -0.004425 -0.024754 1.346042
-0.000825 -0.005196 -0.000471 -0.005383 -0.024996 1.365232
0.000584 -0.003576 -0.000285 -0.004155 -0.025163 1.370328
0.002524 -0.003530 -0.000240 -0.004313 -0.024312 1.332518
0.001697 -0.003240 -0.000004 -0.003656 -0.024480 1.331837
0.004084 -0.002241 0.000085 -0.002858 -0.025173 1.374442
0.003450 -0.001395 -0.000325 -0.002255 -0.026242 1.417232
0.000385 -0.000990 0.000022 -0.001323 -0.026082 1.416786
-0.000070 -0.000944 0.000208 -0.000478 -0.027094 1.471697
-0.001213 -0.001037 0.000332 -0.000548 -0.026290 1.430579
-0.001095 -0.000811 0.000101 -0.000433 -0.027166 1.474329
-0.001054 -0.001245 -0.000034 -0.001483 -0.026340 1.433293
-0.000982 -0.001388 -0.000112 -0.001673 -0.026735 1.454826
-0.001974 -0.001269 -0.000066 -0.001557 -0.026474 1.448321
-0.000563 -0.000946 -0.000149 -0.001494 -0.026120 1.415393
0.000617 -0.001026 -0.000372 -0.002150 -0.026578 1.442617
0.000874 -0.001380 -0.000514 -0.002717 -0.026501 1.435334
0.001562 -0.000657 -0.000215 -0.001493 -0.026227 1.427605
0.001922 0.000140 -0.000605 -0.001024 -0.026089 1.408087
0.000701 0.000247 -0.000230 -0.000072 -0.026620 1.433391
-0.001000 0.000236 -0.000070 0.000482 -0.026269 1.413577
-0.000388 -0.000210 -0.000071 -0.000440 -0.025916 1.402688
-0.000053 0.000202 0.000295 0.001094 -0.026157 1.409812
0.000086 0.000359 -0.000123 0.000205 -0.025931 1.398838
0.000813 0.000335 -0.000148 0.000106 -0.026272 1.418001
0.000102 0.000440 -0.000230 -0.000013 -0.025833 1.397398
0.000690 0.000557 0.000157 0.000979 -0.025644 1.379288
0.001521 0.000515 0.000379 0.001125 -0.025353 1.358802
0.000595 0.000782 0.000412 0.001254 -0.024804 1.336739
-0.001928 0.000641 -0.000282 0.000332 -0.024977 1.349556
-0.003215 0.000532 -0.000184 0.000697 -0.025351 1.369031
0.001731 0.000575 -0.000795 -0.000593 -0.025816 1.380094
0.002550 0.000476 -0.001047 -0.001311 -0.024970 1.343087
0.000873 0.000276 -0.000221 -0.000336 -0.025119 1.352274
-0.000181 0.000231 0.000046 0.000543 -0.025383 1.362390
-0.001567 0.000303 0.000475 0.001133 -0.025231 1.355464
-0.000989 0.000098 0.000595 0.001090 -0.025564 1.372032
0.000658 -0.000348 0.000676 0.000499 -0.025547 1.371046
0.001970 -0.000377 0.000756 0.000199 -0.024976 1.350942
0.001891 -0.000302 0.000988 0.000529 -0.024790 1.333898
0.000827 -0.000188 0.000153 -0.000260 -0.024959 1.343224
-0.000491 -0.000158 0.000377 0.000407 -0.024874 1.340711
-0.000470 -0.000503 -0.000085 -0.001023 -0.025187 1.357973
0.000115 -0.000262 -0.000063 -0.000894 -0.024647 1.331920
-0.000112 -0.000262 0.000029 -0.000727 -0.024290 1.316130
0.000749 -0.000228 -0.000122 -0.001252 -0.024070 1.306343
0.000846 -0.000588 -0.000082 -0.001816 -0.023564 1.277039
0.000997 -0.000413 0.000355 -0.000672 -0.023958 1.293847
0.001078 -0.000174 0.000286 -0.000199 -0.024720 1.331548
0.000059 -0.000124 0.000053 -0.000577 -0.024397 1.327200
0.000336 -0.000002 0.000287 -0.000128 -0.024003 1.303366
0.001003 -0.000427 0.000651 -0.000437 -0.023770 1.288910
0.000240 -0.000662 0.000090 -0.001543 -0.023482 1.275064
-0.000557 -0.000814 0.000718 -0.000695 -0.023695 1.284488
-0.001371 -0.001698 0.000238 -0.002492 -0.022773 1.235896
-0.001080 -0.001278 0.000309 -0.002394 -0.021793 1.182865
-0.001331 -0.001103 -0.000185 -0.003368 -0.020659 1.117942
0.000672 -0.001088 -0.000263 -0.003732 -0.020390 1.096207
0.001050 -0.000907 -0.000198 -0.003394 -0.020410 1.097983
0.000293 -0.001773 0.000135 -0.003580 -0.020388 1.098625
0.000381 -0.002918 0.000304 -0.004296 -0.019974 1.074235
0.000862 -0.003498 0.000547 -0.004415 -0.018983 1.012974
0.000410 -0.002530 -0.000107 -0.004606 -0.018543 0.987481
0.000664 -0.002022 -0.000503 -0.004525 -0.018093 0.957164
0.000341 -0.002073 -0.001427 -0.005503 -0.017636 0.925783
-0.000437 -0.000777 -0.000285 -0.002145 -0.016936 0.883126
-0.000454 -0.000283 -0.000484 -0.001675 -0.017131 0.891843
0.000201 -0.000582 -0.000235 -0.001774 -0.016811 0.869105
0.000508 -0.001203 -0.000310 -0.002403 -0.016336 0.830070
0.000855 -0.001189 -0.000047 -0.002107 -0.015686 0.769824
0.001696 -0.000832 -0.001153 -0.002439 -0.015637 0.764942
0.002454 0.000336 -0.001367 -0.001493 -0.015962 0.792755
0.003682 0.001705 -0.000888 0.000032 -0.015714 0.768416
0.003088 0.003438 -0.001061 0.001275 -0.015575 0.758211
0.001119 0.004458 -0.000090 0.003567 -0.015725 0.782499
-0.000039 0.003729 0.000462 0.003714 -0.015607 0.773885
-0.000426 0.003532 0.000866 0.004153 -0.015230 0.740289
-0.000091 0.003381 0.000497 0.003155 -0.015302 0.743979
0.000210 0.004578 0.000097 0.004002 -0.015323 0.748946
0.000594 0.003722 0.000210 0.003182 -0.015292 0.743241
-0.000040 0.003017 -0.000378 0.001341 -0.015347 0.745398
-0.000056 0.002810 -0.000576 0.000991 -0.015308 0.739233
-0.000594 0.002633 -0.000443 0.001047 -0.015228 0.731395
-0.000911 0.002118 -0.000701 0.000237 -0.015188 0.731333
0.000012 0.001216 -0.000243 -0.000155 -0.015128 0.725063
0.000954 0.000325 -0.000425 -0.000979 -0.015473 0.749527
0.002381 0.000393 -0.000727 -0.001058 -0.015547 0.753509
0.003577 0.000271 -0.001345 -0.001448 -0.015713 0.763826
0.002343 0.000140 0.001098 -0.000275 -0.015353 0.735015
0.000622 0.000111 0.000576 -0.000533 -0.015141 0.724898
0.000295 -0.000011 -0.000117 -0.001139 -0.015416 0.746402
0.000150 0.000259 -0.000544 -0.001161 -0.015673 0.768291
0.001402 0.000186 -0.000213 -0.000935 -0.015591 0.758853
0.002758 0.000380 0.001909 0.000290 -0.015507 0.748531
0.001617 0.001029 0.002319 0.001511 -0.015712 0.770165
-0.001940 0.001169 0.000125 0.000114 -0.015896 0.797253
-0.006803 0.000380 -0.003710 -0.003237 -0.016080 0.821909
-0.004513 0.000927 -0.000635 -0.000472 -0.016344 0.833858
0.001341 0.001493 0.000863 0.000876 -0.016219 0.814783
0.005772 0.002040 0.000121 0.000812 -0.015872 0.779301
0.003866 0.001976 -0.000939 0.000194 -0.015956 0.792388
0.001100 0.001643 -0.000594 0.000029 -0.016112 0.813495
-0.001621 0.002144 0.000112 0.000839 -0.016163 0.823340
-0.001668 0.002081 0.001710 0.002617 -0.016293 0.836034
-0.000966 0.001828 0.001580 0.002035 -0.016403 0.844307
0.000878 0.001681 0.000086 0.000580 -0.016546 0.850636
0.002612 0.001306 -0.000961 -0.000385 -0.016516 0.845628
0.003131 0.001160 -0.000049 0.000001 -0.016467 0.841141
0.001337 0.001456 0.000524 0.000628 -0.016531 0.851151
-0.000899 0.001591 0.000121 0.000513 -0.016623 0.860014
-0.001097 0.001854 -0.000426 0.000432 -0.016919 0.878229
0.000098 0.001120 0.000163 0.000295 -0.017110 0.888586
0.000670 0.000515 0.000259 -0.000205 -0.017248 0.897878
0.000366 0.000115 0.001803 0.000201 -0.017261 0.901023
-0.000272 0.000157 0.000778 -0.000281 -0.017105 0.891082
0.000155 0.000071 0.001045 -0.000224 -0.017208 0.898404
-0.000066 0.000141 0.000438 -0.000462 -0.017376 0.910980
-0.000449 -0.000105 0.000233 -0.000822 -0.017252 0.903529
-0.001131 -0.000770 -0.000597 -0.002594 -0.017316 0.908547
-0.000064 -0.000696 0.000175 -0.001421 -0.017479 0.918648
0.000856 -0.001267 -0.000039 -0.002632 -0.017553 0.919949
0.001158 -0.001667 0.000169 -0.002773 -0.017663 0.927796
0.001106 -0.001679 -0.000650 -0.003957 -0.017366 0.909843
0.000774 -0.002163 -0.000152 -0.003647 -0.017263 0.903737
-0.000014 -0.002077 -0.000393 -0.003867 -0.016926 0.884574
-0.000493 -0.001943 -0.000417 -0.003665 -0.017041 0.889225
-0.000921 -0.002289 -0.000183 -0.003501 -0.017167 0.896793
-0.000617 -0.001652 -0.000121 -0.002785 -0.017015 0.887982
0.000048 -0.002212 -0.000297 -0.003915 -0.017324 0.905886
0.000161 -0.002061 -0.000175 -0.003641 -0.017464 0.916233
0.000229 -0.002271 0.000248 -0.003005 -0.017433 0.913599
0.000645 -0.001957 -0.000345 -0.003804 -0.017586 0.921756
0.000384 -0.001584 -0.000465 -0.003469 -0.017096 0.890556
-0.000287 -0.001519 -0.000794 -0.003609 -0.016684 0.864476
0.000080 -0.001088 -0.000504 -0.002880 -0.016875 0.876018
0.001528 -0.000726 -0.001601 -0.003323 -0.016458 0.838863
0.002583 -0.000922 -0.002244 -0.004210 -0.016556 0.845497
0.003848 -0.000422 -0.001877 -0.002933 -0.016287 0.821625
0.002869 -0.000145 -0.001565 -0.002189 -0.016238 0.819613
0.000951 0.000084 -0.001727 -0.002396 -0.016709 0.862916
0.000770 0.000166 -0.001447 -0.001808 -0.016365 0.840286
0.000815 0.000156 -0.001035 -0.001584 -0.016260 0.834872
0.001169 0.000926 -0.000906 -0.000745 -0.016046 0.815274
0.000114 0.001037 -0.001155 -0.000825 -0.015899 0.806910
-0.000940 0.000887 -0.000768 -0.000758 -0.016125 0.831932
-0.001579 0.000457 0.000243 -0.000481 -0.016176 0.840030
-0.001925 -0.000475 0.000505 -0.001223 -0.016144 0.840395
-0.002083 -0.000838 0.000332 -0.001616 -0.016247 0.847988
-0.001109 -0.001105 -0.000045 -0.002150 -0.015934 0.817334
-0.000639 -0.001502 -0.000165 -0.002554 -0.016027 0.825364
-0.000684 -0.001271 0.000268 -0.002099 -0.016152 0.840737
