-0.000788 0.025978 -0.001714 0.021169 -0.013797 0.545515
-0.002779 0.028919 -0.002540 0.020150 -0.014441 0.646755
-0.004369 0.031612 -0.001819 0.021710 -0.014977 0.707621
-0.005763 0.034485 -0.000606 0.026459 -0.014692 0.714471
-0.005606 0.035011 0.000598 0.029286 -0.014526 0.715899
-0.003744 0.039601 0.000966 0.035800 -0.013520 0.650464
-0.004660 0.043025 -0.000487 0.036471 -0.013253 0.632622
-0.006850 0.046468 -0.000914 0.039173 -0.012952 0.621038
-0.009486 0.039735 -0.002202 0.028234 -0.014251 0.721023
-0.009281 0.043123 -0.001446 0.032846 -0.014012 0.723159
-0.006595 0.059910 -0.000087 0.053566 -0.011957 0.561433
-0.006311 0.064357 -0.001241 0.055762 -0.011727 0.546201
-0.006438 0.064930 -0.000094 0.059188 -0.011524 0.531608
-0.006108 0.064828 0.002017 0.063028 -0.011455 0.544735
-0.004990 0.064012 0.001894 0.062491 -0.011453 0.546328
-0.004970 0.061643 0.000771 0.058610 -0.011442 0.526771
-0.002892 0.057177 0.001898 0.057585 -0.011426 0.511929
-0.002486 0.056169 0.001940 0.056927 -0.011419 0.507693
-0.003740 0.054226 -0.001167 0.049088 -0.011673 0.504463
-0.002332 0.050599 -0.000336 0.047408 -0.011861 0.525595
-0.001799 0.046879 -0.000148 0.044807 -0.011876 0.509849
-0.002440 0.044010 -0.000187 0.042143 -0.012102 0.535489
-0.000165 0.040021 -0.001819 0.036283 -0.012321 0.532477
0.001032 0.038519 -0.000884 0.036689 -0.012396 0.538897
0.003027 0.034186 0.000386 0.035061 -0.012608 0.544608
0.003361 0.030387 0.001185 0.033454 -0.012911 0.576603
0.002853 0.027419 0.000996 0.030374 -0.013209 0.617399
0.000922 0.021651 0.000530 0.024205 -0.013537 0.642681
0.000034 0.015486 0.000872 0.019376 -0.013636 0.641815
-0.000957 0.012262 0.000598 0.015259 -0.013972 0.666303
-0.002081 0.012314 -0.001217 0.011204 -0.014293 0.684648
-0.001867 0.010826 -0.001202 0.009568 -0.014458 0.694110
-0.001714 0.010870 -0.000536 0.010716 -0.014448 0.698923
-0.001285 0.010626 -0.000242 0.010974 -0.014440 0.699808
-0.000756 0.011296 0.000517 0.013402 -0.014435 0.707479
-0.000515 0.011269 0.000363 0.013052 -0.014464 0.707926
-0.002371 0.010926 -0.000692 0.010259 -0.014648 0.717070
-0.003315 0.011781 -0.000713 0.011110 -0.014706 0.724644
-0.003367 0.013123 0.000065 0.014155 -0.014989 0.756755
-0.001121 0.012638 0.000469 0.014697 -0.015133 0.765467
0.000111 0.013782 0.000734 0.016462 -0.015169 0.772952
0.001420 0.013990 0.000131 0.015524 -0.015089 0.758048
0.001576 0.016605 0.001021 0.019915 -0.015029 0.767602
0.001824 0.019850 -0.000336 0.020102 -0.014719 0.742016
0.001613 0.025254 -0.001329 0.022914 -0.014372 0.720859
0.000974 0.030233 -0.000457 0.027984 -0.014499 0.759184
0.000867 0.033206 0.000574 0.032304 -0.014424 0.764838
0.001317 0.033763 0.001642 0.034970 -0.014515 0.797222
0.002323 0.034164 0.001745 0.035151 -0.015143 0.850160
0.003307 0.031573 0.000966 0.031519 -0.015664 0.878502
0.004207 0.031229 0.001392 0.031339 -0.016298 0.921388
0.005690 0.030227 0.004523 0.036194 -0.015999 0.909404
0.006151 0.029978 0.005457 0.037559 -0.016117 0.919427
0.006395 0.028523 0.005430 0.036259 -0.016302 0.927367
0.005285 0.025746 0.005596 0.034347 -0.016453 0.931166
0.005053 0.024277 0.006954 0.035506 -0.016127 0.912734
0.009343 0.021999 0.004754 0.029595 -0.016207 0.895274
0.013025 0.020809 0.002182 0.023685 -0.015011 0.798968
0.013392 0.019141 0.001949 0.021175 -0.015300 0.810443
0.012739 0.021102 0.001852 0.023790 -0.015073 0.802480
0.008652 0.021646 0.004704 0.028941 -0.016294 0.903022
0.003659 0.019858 0.003494 0.025727 -0.016377 0.907418
-0.000383 0.019643 0.003116 0.025259 -0.016187 0.901046
-0.004754 0.018730 0.002429 0.023353 -0.016357 0.913423
-0.003443 0.016372 0.004081 0.024477 -0.016415 0.912797
0.000185 0.013752 0.000859 0.016184 -0.016590 0.893947
0.003038 0.011199 0.002476 0.016453 -0.016776 0.896031
0.002627 0.009942 0.000167 0.010965 -0.016783 0.881037
0.002838 0.010209 -0.002750 0.005609 -0.016735 0.864355
-0.000456 0.009764 0.000016 0.010500 -0.016431 0.862481
0.000484 0.007502 0.001316 0.010917 -0.016269 0.850263
0.001799 0.006083 0.002213 0.010453 -0.016260 0.843939
0.002380 0.002147 0.000818 0.001558 -0.016458 0.832228
0.002502 -0.000697 -0.000325 -0.001898 -0.016612 0.845467
-0.000877 -0.003593 0.001116 -0.002984 -0.016538 0.846911
-0.000237 -0.007351 -0.000740 -0.010648 -0.016592 0.854394
-0.000550 -0.008293 -0.000856 -0.011724 -0.017443 0.911417
-0.000026 -0.008183 -0.000601 -0.011245 -0.017044 0.883277
-0.000293 -0.007560 -0.001538 -0.012671 -0.017410 0.907571
-0.000746 -0.005648 -0.002368 -0.011893 -0.017686 0.923600
-0.001526 -0.002059 -0.001794 -0.005654 -0.018213 0.953104
-0.001677 -0.000370 -0.000880 -0.002674 -0.019139 1.020792
-0.000995 0.000126 -0.000557 -0.001642 -0.019163 1.023244
-0.001457 0.000000 0.000247 -0.000636 -0.019736 1.066933
-0.001158 0.000019 -0.000013 -0.000968 -0.021261 1.172588
-0.001481 -0.000325 -0.000366 -0.002130 -0.021828 1.212637
-0.001179 -0.000257 0.000087 -0.001251 -0.022231 1.232898
-0.001952 -0.000514 0.000540 -0.000940 -0.022297 1.237244
-0.001138 -0.000568 0.001124 -0.000509 -0.021414 1.184559
-0.000432 -0.001077 0.000186 -0.002279 -0.021513 1.190289
-0.001496 -0.001364 -0.000205 -0.003207 -0.020363 1.121159
-0.002269 -0.002361 -0.000114 -0.003761 -0.020292 1.115164
-0.001430 -0.002262 -0.000360 -0.004086 -0.020088 1.099101
-0.000221 -0.002688 0.000114 -0.003604 -0.019815 1.068691
0.000283 -0.002246 -0.000014 -0.003575 -0.020262 1.094910
0.000490 -0.000985 0.000306 -0.001906 -0.020388 1.102074
0.001778 0.000532 0.000550 0.000027 -0.019619 1.045607
0.002237 0.001328 0.000339 0.000532 -0.019410 1.032840
0.001122 0.002935 -0.000212 0.001390 -0.019105 1.017775
-0.001663 0.004658 -0.000321 0.002802 -0.019631 1.067067
-0.002413 0.004056 -0.000444 0.002265 -0.020324 1.109047
-0.000559 0.004976 -0.001316 0.001787 -0.020455 1.109133
0.002629 0.004522 0.002584 0.007659 -0.019756 1.069044
0.001784 0.005091 0.000756 0.005542 -0.019951 1.078556
0.002017 0.005344 0.000672 0.006008 -0.019303 1.031239
0.001151 0.004635 0.000807 0.005462 -0.018648 0.988085
-0.000811 0.003532 0.001791 0.005630 -0.017680 0.934789
-0.007942 0.002372 0.000207 0.001399 -0.017308 0.916586
-0.008402 0.001697 -0.000273 0.000417 -0.017334 0.915577
-0.001728 0.000754 0.000674 0.000303 -0.017498 0.912509
0.005676 0.000345 0.000637 -0.000172 -0.017892 0.916019
0.006460 0.001077 0.002720 0.001451 -0.017349 0.882973
0.001342 0.000527 0.003781 0.001895 -0.017215 0.888672
-0.000225 -0.000117 0.002312 0.000248 -0.017665 0.920238
-0.003149 -0.001349 -0.000447 -0.002597 -0.017289 0.901228
-0.004744 -0.002155 -0.000556 -0.003294 -0.017214 0.899985
-0.005312 -0.003195 -0.003135 -0.009478 -0.017407 0.920882
-0.001240 -0.002992 -0.004256 -0.012037 -0.017552 0.920546
-0.001741 -0.003574 -0.003746 -0.012034 -0.017374 0.911429
-0.000928 -0.002760 0.002552 -0.001590 -0.017914 0.942412
0.001474 -0.004219 0.002742 -0.002348 -0.018773 0.998286
0.001765 -0.007864 0.002609 -0.004087 -0.017882 0.940315
-0.000553 -0.010667 0.003293 -0.004533 -0.018660 0.999845
-0.000461 -0.010492 0.003814 -0.004160 -0.018269 0.970045
-0.000440 -0.012467 -0.000678 -0.014535 -0.018267 0.983163
-0.001823 -0.013699 -0.000551 -0.015171 -0.017592 0.941979
-0.003634 -0.013533 -0.000798 -0.015345 -0.017532 0.937942
-0.000863 -0.012966 -0.000746 -0.014724 -0.018832 1.015424
-0.001992 -0.013803 -0.000288 -0.013734 -0.018338 0.983649
-0.000250 -0.015419 -0.000230 -0.013891 -0.020034 1.099780
0.003458 -0.014277 -0.001538 -0.016363 -0.020428 1.117271
0.006932 -0.013695 -0.001610 -0.015912 -0.019921 1.086107
0.003208 -0.015921 -0.002324 -0.019718 -0.020370 1.127709
-0.003774 -0.015455 -0.003053 -0.021608 -0.019944 1.118230
-0.004281 -0.017177 -0.001746 -0.020769 -0.019548 1.096768
0.000923 -0.013125 -0.002009 -0.015477 -0.021757 1.212617
0.005193 -0.013216 -0.001879 -0.014896 -0.021335 1.194095
0.005889 -0.013430 -0.001377 -0.014445 -0.020668 1.152653
0.001547 -0.010578 -0.001368 -0.011697 -0.021630 1.209714
-0.000991 -0.010485 -0.001749 -0.012919 -0.021369 1.199716
-0.000900 -0.012276 -0.000559 -0.011766 -0.021098 1.190269
-0.005004 -0.012614 -0.002894 -0.019655 -0.018755 1.053893
-0.004974 -0.012239 -0.001135 -0.013966 -0.019528 1.105029
-0.003209 -0.010235 -0.000276 -0.009867 -0.019883 1.102228
-0.000437 -0.011385 -0.002988 -0.018217 -0.019520 1.081843
0.001096 -0.010788 -0.002166 -0.015561 -0.019572 1.078951
0.003364 -0.012585 0.002236 -0.006783 -0.020018 1.101159
0.001775 -0.010569 0.003206 -0.004524 -0.018889 1.017810
-0.003070 -0.009849 -0.000521 -0.011362 -0.017337 0.925156
-0.005149 -0.010793 -0.000857 -0.013190 -0.017164 0.924518
-0.002938 -0.011661 -0.000583 -0.012309 -0.018918 1.045488
0.003218 -0.012698 0.000260 -0.011130 -0.019344 1.063225
0.001987 -0.012599 0.000735 -0.009308 -0.019892 1.099422
0.000283 -0.011870 -0.000396 -0.011868 -0.019286 1.053656
-0.000552 -0.013758 -0.000093 -0.012011 -0.019434 1.066348
-0.000605 -0.014643 0.001181 -0.010510 -0.019018 1.043510
0.000112 -0.012741 0.001063 -0.008826 -0.019550 1.070354
-0.000303 -0.011229 -0.000155 -0.010109 -0.019618 1.077275
-0.000601 -0.009014 -0.003044 -0.015998 -0.019131 1.042898
-0.001035 -0.007349 -0.002171 -0.012954 -0.018551 0.999021
-0.000274 -0.004036 0.000125 -0.004769 -0.018662 0.992962
0.000154 -0.003316 -0.000197 -0.004992 -0.019617 1.053888
0.001093 -0.002786 -0.000472 -0.005095 -0.019953 1.066359
-0.001898 -0.004099 0.002569 -0.002354 -0.018471 0.980856
-0.002796 -0.004296 0.003702 -0.001793 -0.017811 0.943788
-0.000711 -0.003216 0.000084 -0.004180 -0.018221 0.965876
0.001470 -0.002341 -0.001246 -0.005853 -0.018569 0.977345
0.001680 -0.002177 -0.001380 -0.005640 -0.018187 0.950996
-0.000082 -0.001087 -0.002355 -0.005343 -0.017848 0.933955
-0.000548 -0.000151 -0.000781 -0.002182 -0.017776 0.930034
-0.004514 -0.000539 0.000966 -0.000656 -0.017684 0.929379
-0.004709 -0.000564 -0.000072 -0.001346 -0.018221 0.968074
-0.001534 -0.000391 0.000220 -0.001272 -0.019602 1.050988
0.004540 -0.000375 -0.000639 -0.002312 -0.018777 0.978480
0.003001 -0.000089 -0.001120 -0.002341 -0.018131 0.940324
-0.000984 -0.000331 -0.002045 -0.003670 -0.017672 0.921684
-0.000555 -0.000625 -0.000160 -0.001788 -0.017744 0.926957
0.000037 -0.000787 0.002275 -0.000333 -0.017531 0.915082
0.002281 -0.000803 -0.000188 -0.001805 -0.017017 0.880243
0.001878 -0.000915 -0.002200 -0.004260 -0.016803 0.866707
0.002569 -0.001265 -0.000556 -0.002655 -0.016818 0.867305
0.003413 -0.001392 0.000476 -0.002110 -0.018765 0.992225
0.001307 -0.001629 -0.000931 -0.004285 -0.018359 0.967874
0.000611 -0.003603 -0.001639 -0.007187 -0.017763 0.928598
-0.002284 -0.004084 0.001355 -0.002740 -0.017404 0.911107
-0.004242 -0.006626 0.000616 -0.005146 -0.017192 0.899481
-0.005183 -0.004939 -0.000152 -0.004944 -0.018103 0.964599
-0.000342 -0.007968 -0.000906 -0.010770 -0.018045 0.958212
0.005491 -0.010790 -0.000761 -0.012100 -0.019010 1.022524
0.003120 -0.013589 0.000100 -0.013570 -0.018066 0.962639
0.000506 -0.015486 -0.001706 -0.020602 -0.017249 0.921544
-0.004445 -0.015471 -0.002157 -0.021404 -0.017293 0.940470
-0.000795 -0.017457 -0.000170 -0.018261 -0.017384 0.938580
0.002505 -0.018816 -0.000672 -0.021163 -0.017206 0.924311
0.001115 -0.018877 -0.002680 -0.025830 -0.018521 1.018827
-0.000079 -0.017494 -0.000750 -0.020010 -0.017605 0.957120
0.001568 -0.014186 -0.001264 -0.017718 -0.018520 1.006487
0.006280 -0.017273 -0.002009 -0.022253 -0.017867 0.961565
0.008058 -0.016793 -0.002396 -0.022142 -0.018400 0.994131
0.007410 -0.014517 -0.002415 -0.020333 -0.018114 0.965862
-0.000354 -0.012913 -0.002795 -0.021195 -0.016848 0.904343
-0.004165 -0.010414 -0.003279 -0.019563 -0.016564 0.889706
-0.002530 -0.010717 -0.001442 -0.015731 -0.016873 0.902974
0.005001 -0.008425 -0.001849 -0.013711 -0.016916 0.888829
0.006690 -0.005438 -0.000776 -0.007342 -0.016226 0.830581
0.001384 -0.002666 -0.001675 -0.006116 -0.015959 0.813184
-0.005258 -0.000840 -0.000780 -0.002166 -0.016054 0.831480
-0.004567 0.000493 0.000158 -0.000475 -0.016087 0.832503
-0.003028 0.002481 0.000894 0.002164 -0.016635 0.876390
0.000151 0.002153 0.000751 0.001573 -0.016912 0.886442
-0.000360 0.002493 -0.000002 0.001108 -0.017276 0.909472
-0.001677 0.003387 -0.001461 0.000656 -0.016694 0.875158
-0.000487 0.003424 -0.001056 0.000855 -0.016304 0.844016
-0.002069 0.004716 -0.001683 0.001104 -0.016076 0.821967
-0.002217 0.005124 0.000344 0.005082 -0.016031 0.826709
-0.000318 0.003131 -0.000063 0.001517 -0.016526 0.850765
0.000742 0.001844 -0.000253 0.000403 -0.016415 0.839545
0.002365 0.001031 0.000220 0.000085 -0.016671 0.853255
0.002061 -0.000124 0.000921 -0.000655 -0.016640 0.852926
0.001023 -0.000513 0.000772 -0.001094 -0.016634 0.857387
-0.001176 -0.002026 0.000201 -0.002602 -0.016128 0.820129
-0.003235 -0.007509 -0.000163 -0.008623 -0.015813 0.789133
0.000150 -0.012739 0.000091 -0.014093 -0.015658 0.779551
0.000580 -0.017338 0.000937 -0.016813 -0.015448 0.756130
-0.000330 -0.020544 0.000372 -0.020852 -0.015832 0.809424
-0.002811 -0.020180 -0.001948 -0.026377 -0.015445 0.777561
-0.004899 -0.020986 -0.005035 -0.034394 -0.015548 0.793219
-0.006443 -0.020168 -0.002623 -0.027501 -0.015810 0.823569
-0.006710 -0.019168 -0.002033 -0.025260 -0.015599 0.809126
-0.006414 -0.018028 -0.001932 -0.023775 -0.015625 0.814866
-0.005211 -0.017769 -0.001433 -0.022278 -0.015846 0.829483
-0.002083 -0.019757 -0.000175 -0.020663 -0.016159 0.856643
-0.001258 -0.020388 0.001822 -0.016572 -0.016186 0.851730
-0.001330 -0.020106 0.001098 -0.018140 -0.015665 0.805028
-0.002089 -0.018477 -0.001622 -0.023697 -0.015539 0.796616
-0.004025 -0.016576 -0.000816 -0.019135 -0.015424 0.784427
-0.003352 -0.014110 0.001440 -0.011365 -0.015524 0.783351
-0.000586 -0.011700 0.000434 -0.011502 -0.015438 0.770716
0.002534 -0.010722 -0.001876 -0.016672 -0.015669 0.793371
0.005401 -0.008120 -0.001838 -0.013232 -0.015843 0.801754
0.008261 -0.008283 -0.000122 -0.008726 -0.016018 0.811777
0.006629 -0.007219 0.002157 -0.003947 -0.015496 0.753882
-0.001843 -0.005525 0.000549 -0.004199 -0.014761 0.691074
-0.008267 -0.004551 -0.001768 -0.006725 -0.015202 0.751306
-0.010280 -0.003966 -0.003302 -0.008961 -0.015560 0.795003
-0.007666 -0.001793 -0.001611 -0.003201 -0.015675 0.795804
0.000727 -0.000208 0.001934 -0.000208 -0.015310 0.743143
0.002991 -0.000231 0.001389 -0.000501 -0.015170 0.727521
-0.000037 -0.000286 0.001439 -0.000503 -0.015089 0.725052
-0.003115 -0.000570 -0.001287 -0.002145 -0.015217 0.741839
-0.003985 -0.001228 -0.000889 -0.002315 -0.015061 0.725514
-0.004947 -0.001995 -0.001201 -0.002986 -0.015108 0.729403
-0.002145 -0.003166 -0.000277 -0.003279 -0.015227 0.738044
-0.001443 -0.006440 0.000273 -0.006011 -0.015242 0.740303
-0.002701 -0.007878 -0.000060 -0.008598 -0.015247 0.745966
-0.000588 -0.008977 0.000427 -0.008932 -0.015423 0.759643
0.001766 -0.010197 -0.001158 -0.015064 -0.015269 0.741327
0.003494 -0.010249 -0.000929 -0.014246 -0.015191 0.727310
0.002879 -0.010395 -0.000899 -0.014526 -0.015473 0.753595
0.000774 -0.011965 0.000015 -0.013706 -0.015285 0.738396
-0.002705 -0.012657 -0.000684 -0.015545 -0.015305 0.753086
-0.001500 -0.012383 -0.001455 -0.017805 -0.015513 0.770711
-0.001276 -0.011491 -0.001632 -0.017236 -0.015648 0.784451
-0.003229 -0.010033 -0.003379 -0.019366 -0.015531 0.780873
-0.000548 -0.006498 -0.002227 -0.012984 -0.015511 0.763810
-0.003097 -0.004675 -0.000135 -0.004399 -0.015561 0.753677
-0.002659 -0.001907 0.001473 -0.001519 -0.016272 0.812893
0.002742 0.000938 0.003159 0.002526 -0.015819 0.771486
0.001338 0.001934 0.001608 0.002272 -0.016159 0.809448
0.002757 0.001632 0.002297 0.002650 -0.015949 0.799707
-0.000596 0.001667 0.002917 0.003779 -0.015851 0.797298
-0.004429 0.000771 0.002898 0.001675 -0.016583 0.861932
-0.002962 0.001112 0.002196 0.001551 -0.016644 0.866644
-0.002225 0.001002 0.001323 0.000643 -0.016518 0.843078
-0.000496 0.000860 0.000438 0.000165 -0.016740 0.851940
-0.000735 0.001122 -0.000130 0.000156 -0.017947 0.943411
0.001175 0.000686 -0.000398 -0.000464 -0.018474 0.976654
0.004333 0.000332 0.000752 -0.000131 -0.018521 0.968892
0.005813 -0.000380 0.000753 -0.000842 -0.017188 0.879200
0.001486 0.000097 -0.000653 -0.001222 -0.017682 0.921818
-0.003621 -0.000362 -0.000622 -0.002040 -0.018652 1.008923
-0.004098 -0.000110 -0.000809 -0.001664 -0.018436 0.988260
-0.000868 0.001731 -0.001326 -0.000238 -0.018880 1.019890
-0.001124 0.004531 -0.000647 0.001825 -0.017337 0.903251
-0.001058 0.008389 0.000579 0.009066 -0.017329 0.918872
0.000471 0.011365 0.002201 0.015471 -0.016876 0.897695
0.002210 0.013071 0.003413 0.019803 -0.015782 0.806478
0.002753 0.012476 0.001098 0.015486 -0.015688 0.779553
-0.000985 0.014052 0.000421 0.015161 -0.015912 0.801588
-0.005744 0.013262 0.004245 0.020820 -0.016909 0.922539
-0.006435 0.011268 0.004432 0.019282 -0.017291 0.955375
-0.004868 0.009980 0.001698 0.013472 -0.016442 0.880337
-0.002009 0.005574 -0.001563 0.001861 -0.016461 0.858034
-0.000425 0.002808 0.002525 0.005340 -0.016500 0.871666
0.000115 0.001036 0.001684 0.000847 -0.016679 0.872136
0.001886 0.000112 0.000237 -0.000712 -0.016967 0.887215
0.000680 -0.000311 -0.001489 -0.002922 -0.016595 0.865808
-0.000706 -0.001269 -0.000591 -0.003227 -0.016966 0.893438
-0.000844 -0.001943 -0.000236 -0.003477 -0.017140 0.909529
-0.000958 -0.001761 0.000460 -0.002262 -0.017039 0.905330
0.000169 -0.001721 0.001171 -0.001820 -0.016912 0.892205
-0.000804 -0.003009 0.001154 -0.002639 -0.016694 0.881640
-0.001684 -0.003958 -0.000376 -0.005325 -0.017344 0.926334
-0.003968 -0.005021 -0.000099 -0.005498 -0.017641 0.950743
-0.003396 -0.005193 0.000168 -0.005224 -0.017790 0.957856
-0.000061 -0.004673 -0.000205 -0.005849 -0.017641 0.939581
0.003233 -0.005522 -0.001376 -0.009169 -0.017282 0.908178
0.003884 -0.005938 -0.001405 -0.009768 -0.017050 0.888643
0.001212 -0.004562 -0.001292 -0.008385 -0.016276 0.839111
-0.000493 -0.005468 -0.000492 -0.007407 -0.016629 0.870698
0.001510 -0.004761 0.000028 -0.005474 -0.016866 0.878193
0.002312 -0.004850 0.000699 -0.004406 -0.016779 0.868397
0.000281 -0.005405 0.000639 -0.004885 -0.016958 0.886690
-0.000717 -0.005317 0.000469 -0.005070 -0.016975 0.891701
0.001346 -0.004832 0.002262 -0.002927 -0.016838 0.877012
0.001308 -0.004878 0.001777 -0.003293 -0.017156 0.899351
0.001190 -0.004165 -0.000281 -0.005804 -0.017188 0.903383
-0.002113 -0.004195 -0.001853 -0.008948 -0.016649 0.875380
-0.001450 -0.004601 -0.000995 -0.007796 -0.016892 0.890189
0.002979 -0.004138 0.001867 -0.002788 -0.017068 0.888826
0.006288 -0.003576 0.000996 -0.002979 -0.016805 0.863861
0.003285 -0.002815 -0.002264 -0.007525 -0.016352 0.840030
-0.004387 -0.004243 -0.002024 -0.008810 -0.015921 0.818236
-0.009231 -0.003573 0.000361 -0.002807 -0.016269 0.851792
-0.009849 -0.004683 -0.000202 -0.004043 -0.016435 0.866487
-0.007944 -0.003392 -0.000603 -0.003769 -0.016326 0.856939
-0.001163 -0.003583 0.000932 -0.002990 -0.016641 0.867710
0.005323 -0.004774 0.001486 -0.003355 -0.016986 0.875253
0.006498 -0.006633 0.001229 -0.005084 -0.017226 0.892829
0.004147 -0.007722 0.000607 -0.007126 -0.017185 0.899678
0.002383 -0.008516 0.001918 -0.005499 -0.017268 0.905928
0.002205 -0.007739 0.001435 -0.005739 -0.017067 0.891943
-0.001487 -0.007070 0.000516 -0.006444 -0.016925 0.894570
-0.004535 -0.006249 0.000244 -0.005804 -0.016738 0.881478
-0.005034 -0.005099 0.000335 -0.004370 -0.016723 0.879494
-0.004926 -0.003509 0.000187 -0.003285 -0.016596 0.872284
-0.004163 -0.003345 0.000648 -0.002856 -0.016842 0.889511
-0.005859 -0.002254 -0.000019 -0.002985 -0.017457 0.939054
-0.000250 -0.002909 -0.000114 -0.004074 -0.017354 0.919028
0.007782 -0.002955 -0.004394 -0.011569 -0.016977 0.881539
0.012619 -0.001788 -0.000002 -0.002150 -0.016678 0.848508
0.007316 -0.001858 -0.000185 -0.002516 -0.016154 0.810000
-0.002621 -0.000883 -0.000271 -0.001984 -0.016079 0.818326
-0.005477 -0.002028 -0.002410 -0.005652 -0.016247 0.843630
-0.000720 -0.003674 0.000019 -0.003980 -0.016689 0.869604
0.001213 -0.002620 0.001341 -0.002318 -0.016602 0.856499
-0.000124 -0.003236 0.002450 -0.002056 -0.016621 0.864882
-0.003684 -0.002084 -0.000245 -0.002875 -0.016326 0.852071
-0.001878 -0.001416 -0.000340 -0.002792 -0.016666 0.875791
0.000743 -0.002297 -0.000191 -0.003641 -0.016694 0.874577
0.004359 -0.002240 0.001029 -0.002192 -0.016996 0.885643
0.001484 -0.003137 0.000643 -0.003006 -0.016324 0.843559
-0.001675 -0.003986 0.001871 -0.002592 -0.016385 0.853406
-0.002535 -0.005660 -0.000487 -0.007106 -0.016445 0.863466
-0.001743 -0.006317 0.000037 -0.006477 -0.016487 0.862501
0.000920 -0.006598 0.001338 -0.004600 -0.017149 0.895252
0.001501 -0.007192 -0.000459 -0.009149 -0.016828 0.874741
0.003288 -0.005474 -0.002075 -0.010954 -0.016756 0.863075
0.004700 -0.006156 0.001497 -0.004375 -0.016285 0.822038
0.002652 -0.009175 0.001943 -0.006289 -0.016027 0.803819
0.001540 -0.010241 0.001600 -0.008032 -0.016110 0.817786
0.000572 -0.011410 0.002350 -0.007257 -0.016053 0.821695
0.001240 -0.014394 -0.000010 -0.015904 -0.016210 0.845048
-0.001531 -0.015600 -0.001871 -0.022211 -0.015580 0.803148
-0.003745 -0.015883 -0.000703 -0.018432 -0.015904 0.833847
-0.003335 -0.014323 -0.001386 -0.019110 -0.015836 0.829358
-0.000750 -0.013922 -0.002739 -0.022122 -0.016154 0.855956
0.001861 -0.011330 -0.002381 -0.018734 -0.015934 0.826188
0.001101 -0.006703 -0.000533 -0.008812 -0.016195 0.837786
-0.000400 -0.001180 -0.000202 -0.002315 -0.016631 0.868740
0.001384 0.003630 -0.000897 0.001328 -0.017200 0.897558
0.003269 0.008942 -0.000977 0.007190 -0.017326 0.909805
0.003888 0.012534 0.001139 0.015135 -0.016819 0.896082
0.001246 0.013922 0.004080 0.021650 -0.016660 0.908915
-0.002457 0.012395 0.001410 0.015392 -0.016336 0.881379
-0.000830 0.011608 -0.000733 0.009842 -0.016420 0.872677
-0.001009 0.013025 0.002328 0.017667 -0.016565 0.902479
0.002223 0.012313 0.002718 0.017411 -0.016383 0.884995
0.001263 0.011746 0.002444 0.016459 -0.016210 0.871980
0.001884 0.010786 0.000602 0.011811 -0.016464 0.874632
-0.001999 0.007931 -0.000596 0.006092 -0.016433 0.865969
-0.004606 0.006073 -0.000600 0.003759 -0.016943 0.904793
-0.005957 0.006032 -0.000479 0.004018 -0.016790 0.897344
-0.003785 0.004960 0.000717 0.005268 -0.017217 0.919504
0.002152 0.002265 -0.001528 -0.000033 -0.017717 0.929494
0.007989 0.002225 -0.002145 -0.000475 -0.018011 0.936379
0.011747 0.000942 0.000156 -0.000073 -0.017387 0.890467
0.007773 0.000821 0.001437 0.000380 -0.017303 0.892467
-0.001306 0.000698 -0.000417 -0.000700 -0.016391 0.848190
-0.004303 0.000280 -0.001237 -0.001540 -0.016328 0.847589
-0.002566 -0.000622 0.000428 -0.001406 -0.016196 0.830308
-0.001511 -0.001418 0.001590 -0.001469 -0.016234 0.831325
-0.002513 -0.002227 -0.000431 -0.003480 -0.016757 0.872712
-0.000269 -0.004659 0.000157 -0.005028 -0.016837 0.876784
-0.000003 -0.004207 -0.000363 -0.005883 -0.016341 0.842285
0.000141 -0.004327 -0.000719 -0.007098 -0.016622 0.865280
-0.000272 -0.004747 -0.002156 -0.010868 -0.016555 0.865197
0.002401 -0.005005 0.000291 -0.005334 -0.016584 0.856602
0.003541 -0.005459 0.003780 -0.002547 -0.016577 0.852277
0.004445 -0.006561 0.002303 -0.003837 -0.016752 0.864488
0.002021 -0.007945 0.001498 -0.005841 -0.016665 0.866831
-0.001790 -0.008938 -0.000630 -0.011668 -0.016194 0.846377
-0.005727 -0.009050 -0.002403 -0.016045 -0.015896 0.836021
-0.005827 -0.008699 -0.003901 -0.018970 -0.015967 0.842627
-0.006047 -0.009454 -0.003455 -0.018661 -0.016378 0.878203
-0.003315 -0.009074 -0.001014 -0.012153 -0.017037 0.910605
0.003819 -0.008672 -0.000957 -0.011626 -0.017655 0.932007
0.007474 -0.007391 -0.000953 -0.009823 -0.017276 0.896759
0.008667 -0.008484 -0.001095 -0.011474 -0.016968 0.875658
0.006160 -0.007454 0.002344 -0.004243 -0.017195 0.888958
0.004382 -0.008136 0.003975 -0.003462 -0.017405 0.907847
-0.001286 -0.009241 0.004619 -0.003542 -0.016681 0.873232
-0.004764 -0.011336 0.002268 -0.006870 -0.016400 0.860634
-0.005791 -0.009965 0.001813 -0.006351 -0.016349 0.859550
-0.003340 -0.009505 0.000820 -0.008117 -0.017113 0.907833
-0.001715 -0.008752 -0.000572 -0.010983 -0.017658 0.944174
-0.000361 -0.008278 -0.001913 -0.014659 -0.017661 0.946629
-0.002055 -0.007479 -0.001368 -0.011919 -0.018517 1.012675
-0.002081 -0.006561 0.001421 -0.004798 -0.018663 1.016208
0.000666 -0.006202 0.000144 -0.006961 -0.018451 0.991314
0.004007 -0.005211 0.001846 -0.003782 -0.019696 1.062430
0.003081 -0.007808 0.001250 -0.006245 -0.018503 0.989064
-0.000395 -0.005097 -0.000436 -0.007282 -0.018126 0.968563
-0.004185 -0.006724 -0.003137 -0.015186 -0.017574 0.948837
-0.004472 -0.006182 -0.001584 -0.010524 -0.018261 0.992303
0.001088 -0.005605 -0.001072 -0.008987 -0.019167 1.035256
0.003428 -0.005575 -0.002196 -0.010854 -0.019131 1.029269
0.004816 -0.006091 -0.000456 -0.007189 -0.019961 1.075772
0.000283 -0.006016 0.002121 -0.003558 -0.018845 1.015669
-0.001130 -0.005557 0.000915 -0.004587 -0.018378 0.989698
-0.000088 -0.005588 0.001788 -0.003402 -0.018034 0.959731
0.000667 -0.006876 0.001397 -0.004942 -0.018486 0.990742
-0.000726 -0.005447 0.003850 -0.002211 -0.018200 0.975669
-0.002307 -0.004828 -0.001734 -0.009589 -0.018531 1.009607
-0.000225 -0.004557 0.000299 -0.004923 -0.019454 1.066025
0.002104 -0.006429 -0.000785 -0.008435 -0.020243 1.114151
-0.000291 -0.006263 -0.001534 -0.010577 -0.019473 1.075935
0.000669 -0.006084 0.002696 -0.002956 -0.019015 1.035884
-0.002771 -0.008471 -0.001147 -0.012226 -0.017552 0.947919
0.002999 -0.005569 0.000834 -0.004850 -0.018991 1.031085
-0.001467 -0.006605 0.002470 -0.003288 -0.017313 0.914350
-0.002760 -0.004717 -0.001739 -0.009795 -0.017055 0.904985
-0.003765 -0.004047 -0.001987 -0.009253 -0.016849 0.888570
-0.001072 -0.003913 -0.000305 -0.005591 -0.017178 0.902897
-0.005886 -0.001741 -0.000293 -0.002843 -0.017205 0.915818
0.000081 -0.001227 -0.000527 -0.004157 -0.018960 1.021810
0.003785 -0.001234 -0.000933 -0.004381 -0.019357 1.040642
0.006259 -0.000612 -0.001301 -0.003987 -0.019704 1.059956
-0.000516 0.000583 -0.000563 -0.001434 -0.017943 0.960704
-0.002158 0.001251 -0.000805 -0.000689 -0.017737 0.950451
-0.004539 0.001992 -0.000609 -0.000027 -0.018016 0.980979
-0.000776 0.004228 0.000104 0.002546 -0.018881 1.027661
0.000806 0.007334 -0.000499 0.004378 -0.019150 1.041631
0.004919 0.007580 -0.002399 0.002167 -0.018862 1.006421
0.003979 0.008952 0.000034 0.007687 -0.018721 1.013508
0.002475 0.009884 0.000926 0.010878 -0.018087 0.981952
-0.000559 0.009948 0.000095 0.009092 -0.017573 0.954756
0.000456 0.009667 0.000428 0.009586 -0.018129 0.990965
-0.003736 0.008854 -0.002343 0.003308 -0.017340 0.938141
-0.006650 0.010170 -0.001851 0.005503 -0.017281 0.952343
-0.005936 0.009968 -0.002350 0.004447 -0.017413 0.950400
0.003899 0.010224 -0.000196 0.008400 -0.019080 1.039413
0.007333 0.009319 0.001164 0.009989 -0.019341 1.053800
0.005591 0.009344 0.001402 0.010359 -0.019483 1.068689
-0.000235 0.009900 0.001689 0.012186 -0.018685 1.036864
-0.002381 0.008823 0.000433 0.008587 -0.018678 1.033538
-0.001180 0.007418 0.000384 0.006919 -0.018496 1.014700
-0.000911 0.006037 0.000113 0.004583 -0.019544 1.074352
-0.001762 0.006083 -0.002194 0.001196 -0.018987 1.031703
-0.001252 0.006980 -0.002806 0.001274 -0.019132 1.040187
-0.000001 0.005896 -0.001532 0.001656 -0.019552 1.064802
0.000327 0.005569 -0.001385 0.001665 -0.019187 1.036367
0.001116 0.003871 -0.000926 0.001059 -0.018730 0.998149
0.000119 0.003905 -0.001301 0.000914 -0.017996 0.949967
0.000082 0.004037 0.000087 0.002673 -0.018077 0.959464
-0.000993 0.003930 -0.001867 0.000642 -0.017374 0.914322
-0.000082 0.004888 -0.001063 0.001438 -0.017712 0.935436
-0.000914 0.005131 -0.002569 0.000616 -0.018585 0.996512
-0.000694 0.005778 -0.002143 0.001070 -0.019720 1.072450
0.000718 0.005470 -0.001224 0.001735 -0.019892 1.080508
0.002627 0.005217 0.000271 0.004082 -0.019590 1.058880
-0.000092 0.003465 0.000373 0.002575 -0.018238 0.971129
-0.004609 0.001490 0.001015 0.000775 -0.018383 0.996750
-0.007289 0.001082 0.000062 -0.000251 -0.018904 1.045749
-0.004680 0.000796 0.000293 -0.000187 -0.019830 1.096651
0.001850 0.000934 0.001055 0.000444 -0.020075 1.087713
0.006714 0.001152 0.000799 0.000487 -0.020634 1.107551
0.006775 0.000967 0.001532 0.000625 -0.020282 1.086830
0.002229 0.002268 0.002141 0.002897 -0.019731 1.076016
-0.001909 0.001825 0.000028 0.000498 -0.019834 1.093778
-0.004228 0.001456 0.002956 0.002490 -0.019015 1.052356
-0.004482 0.001919 0.001729 0.001822 -0.019682 1.099038
-0.003562 0.001495 0.000082 0.000351 -0.020464 1.133927
-0.000938 0.000758 0.000422 0.000270 -0.021351 1.173843
0.001755 0.000492 -0.000341 -0.001453 -0.020801 1.135563
0.002165 0.000251 0.000277 -0.000977 -0.020781 1.133982
-0.000357 0.000533 -0.000003 -0.000825 -0.020315 1.113630
-0.002802 0.000957 0.001025 0.000536 -0.020315 1.116436
-0.000017 0.001019 0.001214 0.000994 -0.021583 1.175063
0.002442 0.001435 0.000716 0.001118 -0.021789 1.178992
0.001813 0.001141 0.000257 0.000541 -0.021359 1.156975
0.000024 0.000555 0.001098 0.000409 -0.020626 1.117834
-0.001502 0.000199 0.001521 0.000354 -0.020838 1.135028
-0.000997 0.000384 0.001592 0.000602 -0.020946 1.138748
-0.001184 0.000260 0.001829 0.000571 -0.020663 1.120884
-0.001072 0.000366 0.002937 0.001447 -0.021215 1.157445
-0.001787 0.000884 0.003952 0.002924 -0.020677 1.135272
-0.000137 0.000547 0.004435 0.002682 -0.020088 1.096457
-0.001966 -0.000444 0.003523 0.000576 -0.019404 1.051610
-0.000104 -0.000700 0.003537 0.000345 -0.019966 1.085241
-0.001912 -0.000817 0.002395 -0.000284 -0.019561 1.058103
0.000040 -0.000601 0.001226 -0.000889 -0.018493 0.979716
-0.000198 -0.000833 0.001405 -0.000934 -0.017897 0.941078
-0.000232 -0.000502 0.001219 -0.000836 -0.018480 0.983781
-0.002012 -0.000115 0.001404 -0.000286 -0.018409 0.981741
-0.003873 -0.000134 0.000335 -0.000839 -0.018629 1.001630
-0.005627 0.000116 0.001078 -0.000223 -0.018403 0.990333
-0.005020 -0.000121 -0.000486 -0.001548 -0.018116 0.973332
-0.001772 0.000120 -0.001393 -0.002781 -0.018022 0.962398
-0.001261 0.000372 -0.002130 -0.003162 -0.017703 0.941065
0.000359 0.000097 -0.001878 -0.003658 -0.018253 0.972061
0.001113 0.000511 -0.000354 -0.000747 -0.017497 0.922542
0.002503 0.000271 0.000517 -0.000423 -0.017325 0.910040
0.002387 0.000283 0.001470 0.000100 -0.017430 0.916011
0.001026 0.000488 0.002108 0.000594 -0.017064 0.899467
0.000725 0.000837 0.000129 -0.000063 -0.017042 0.898437
0.000368 0.002016 0.000235 0.000979 -0.016818 0.886267
-0.000338 0.004501 -0.000292 0.002597 -0.016095 0.842180
-0.001123 0.007462 -0.002178 0.002597 -0.015789 0.816440
-0.000485 0.009390 0.000764 0.011036 -0.015611 0.829724
0.001302 0.008944 -0.000881 0.006974 -0.015956 0.839141
0.005546 0.008874 -0.001825 0.005549 -0.015990 0.826939
0.004730 0.010033 -0.002299 0.005956 -0.015641 0.798393
0.002006 0.010987 -0.000126 0.011256 -0.015307 0.786547
-0.002007 0.012986 -0.000794 0.011628 -0.015274 0.795952
-0.007818 0.013694 -0.002366 0.009964 -0.015517 0.823279
-0.005880 0.012465 -0.000915 0.011392 -0.015350 0.802098
-0.004701 0.012249 -0.000405 0.011921 -0.015418 0.811777
-0.001639 0.012910 0.001731 0.016743 -0.015416 0.821210
0.001589 0.012716 0.002221 0.017264 -0.015163 0.786244
0.004915 0.011295 0.003229 0.017326 -0.015285 0.793910
0.004496 0.009559 0.003302 0.015829 -0.014760 0.735996
0.001237 0.008671 0.003585 0.015465 -0.014545 0.717899
-0.005403 0.007954 0.002619 0.012872 -0.014713 0.719643
-0.012163 0.005392 0.001642 0.006760 -0.016050 0.826968
-0.011686 0.003874 0.001811 0.005036 -0.016044 0.817291
-0.010572 0.006240 0.001220 0.008124 -0.015876 0.821762
-0.001983 0.007374 0.000252 0.007975 -0.015894 0.823587
0.001583 0.005999 -0.000742 0.003989 -0.016205 0.833951
0.001803 0.008069 0.000755 0.009929 -0.016008 0.834045
-0.004111 0.006839 0.002080 0.010857 -0.015945 0.839517
-0.004816 0.006824 0.002677 0.011785 -0.015760 0.823093
-0.002573 0.007953 0.003965 0.015192 -0.015826 0.838797
-0.000343 0.007135 0.002870 0.012249 -0.016745 0.895669
0.002508 0.008313 0.000903 0.009985 -0.016742 0.884251
0.000778 0.007602 -0.000442 0.006063 -0.016909 0.889077
-0.000565 0.007737 -0.001834 0.003662 -0.016652 0.867522
-0.000578 0.010300 -0.001851 0.006453 -0.016916 0.890580
0.000255 0.010481 -0.000476 0.008761 -0.017325 0.926184
0.000871 0.011787 0.000262 0.011719 -0.017723 0.960673
0.000641 0.011521 0.000906 0.013650 -0.016513 0.882965
-0.000086 0.010198 0.000199 0.010822 -0.016434 0.872779
0.003877 0.010942 0.001316 0.013796 -0.016495 0.876959
0.006008 0.011817 -0.000659 0.011158 -0.016339 0.852754
0.009398 0.014799 -0.003374 0.009151 -0.016651 0.865575
0.007705 0.016594 -0.002959 0.011620 -0.015871 0.825497
0.006192 0.019869 -0.001504 0.017043 -0.015498 0.815017
0.003307 0.022190 0.000395 0.022367 -0.015027 0.787618
0.003861 0.024812 -0.000590 0.023051 -0.014723 0.756946
0.006350 0.025550 -0.000411 0.024389 -0.014550 0.743701
0.006844 0.024691 0.000387 0.025451 -0.014293 0.726336
0.005010 0.022745 0.002233 0.027420 -0.014449 0.725812
0.001185 0.019655 0.003641 0.027072 -0.013917 0.697937
-0.003532 0.018421 0.003116 0.024971 -0.014287 0.723735
-0.006941 0.014399 0.002897 0.021074 -0.015168 0.796174
-0.006577 0.012109 0.005244 0.022741 -0.015235 0.820085
-0.003935 0.008426 0.003417 0.015428 -0.015506 0.833104
-0.000581 0.006950 0.000892 0.009149 -0.016111 0.853990
-0.001619 0.005551 0.000238 0.005381 -0.017325 0.925035
-0.003335 0.005151 0.002008 0.008148 -0.017964 0.976880
-0.001520 0.004396 -0.001433 0.001069 -0.019557 1.058051
0.010119 0.002133 -0.004427 -0.003137 -0.018272 0.962737
0.013890 0.001063 -0.001621 -0.000820 -0.016212 0.819925
0.012905 0.000035 0.001850 -0.000080 -0.016565 0.843026
-0.000894 0.001536 -0.001242 -0.000396 -0.017454 0.920051
-0.009854 -0.003024 -0.003626 -0.008769 -0.017412 0.941525
-0.004286 -0.002783 -0.000526 -0.004161 -0.018100 0.965104
0.014398 -0.007070 0.000735 -0.005115 -0.017872 0.923443
0.014469 -0.006113 0.001860 -0.001885 -0.016543 0.819785
0.013615 -0.008245 0.001992 -0.003950 -0.016711 0.857495
-0.002374 -0.003877 -0.001360 -0.007333 -0.016096 0.845158
-0.010714 -0.004567 -0.002910 -0.009772 -0.016434 0.883196
-0.006708 -0.001875 -0.000688 -0.002805 -0.016198 0.848898
0.004582 -0.002868 0.003918 -0.001100 -0.016697 0.862391
0.009958 -0.004024 0.002557 -0.002175 -0.017146 0.883341
0.006637 -0.002710 0.002342 -0.001890 -0.016247 0.827788
0.001637 -0.001660 0.001288 -0.001862 -0.015720 0.786932
0.004464 -0.000089 0.003427 0.000462 -0.016114 0.821442
0.005937 0.000586 0.001090 -0.000018 -0.015999 0.804420
0.004103 0.000405 -0.000647 -0.001049 -0.015949 0.799659
0.002990 0.001657 -0.003307 -0.001311 -0.015855 0.794337
0.001825 0.007043 -0.003172 0.001543 -0.015750 0.782763
0.001196 0.014355 -0.003185 0.009128 -0.014907 0.724676
0.002009 0.019038 -0.001535 0.016900 -0.014409 0.704289
0.000902 0.021921 0.001228 0.025052 -0.014151 0.703117
-0.000423 0.021254 0.003087 0.027757 -0.013932 0.696523
0.000999 0.021540 0.002536 0.027211 -0.013909 0.685470
0.001395 0.021109 0.002319 0.026715 -0.013668 0.660860
0.000457 0.020761 0.000767 0.023659 -0.013630 0.644674
-0.000514 0.021212 -0.001895 0.018913 -0.013720 0.634640
-0.001294 0.021989 -0.002323 0.018904 -0.013606 0.617330
0.000589 0.021469 0.001722 0.026440 -0.013374 0.613291
0.004827 0.021063 0.003743 0.030093 -0.013219 0.579279
0.008329 0.020385 0.005038 0.031726 -0.013322 0.574585
0.008655 0.019446 0.003824 0.029377 -0.013129 0.478163
0.006864 0.014784 0.001078 0.020040 -0.013162 0.403662
0.004858 0.012704 -0.001853 0.014489 -0.013209 0.336533
0.003328 0.011684 0.001333 0.018848 -0.013169 0.306429
0.001040 0.010263 0.002573 0.019427 -0.013105 0.307389
-0.000784 0.007959 0.005264 0.020270 -0.013076 0.328569
-0.001989 0.006261 0.005602 0.018394 -0.013143 0.356419
-0.001667 0.006266 -0.000939 0.009025 -0.013349 0.317675
-0.001237 0.006147 -0.003918 0.005132 -0.013376 0.308247
-0.001515 0.004816 -0.004121 0.003278 -0.013460 0.312359
-0.001170 0.003597 -0.001343 0.005583 -0.013572 0.288667
0.000849 0.003219 0.001000 0.009257 -0.013665 0.247515
0.001494 0.002737 0.002607 0.010555 -0.013693 0.240962
0.001103 0.001605 0.002442 0.008871 -0.013775 0.225269
0.001855 0.000430 0.000639 0.004555 -0.013941 0.208522
0.001623 -0.000644 -0.000892 0.000775 -0.013939 0.212413
-0.000240 -0.002249 0.001566 0.001560 -0.013947 0.230017
-0.004080 -0.007325 0.005512 0.000228 -0.013937 0.348718
-0.001891 -0.008061 0.003688 -0.002533 -0.013927 0.308966
0.001133 -0.004050 0.001098 -0.001004 -0.013976 0.238123
0.001395 -0.003418 -0.001886 -0.005876 -0.013783 0.239147
0.001330 -0.004784 -0.002185 -0.009096 -0.013727 0.250395
0.001505 -0.006550 -0.001361 -0.010331 -0.013788 0.247000
0.000467 -0.008155 0.000113 -0.009271 -0.013868 0.248667
-0.000035 -0.008617 0.000116 -0.010045 -0.013816 0.265758
-0.002181 -0.010554 -0.004195 -0.021680 -0.013455 0.350742
-0.002530 -0.013387 -0.005227 -0.027980 -0.013355 0.393288
-0.001802 -0.014037 -0.003981 -0.026124 -0.013442 0.386022
-0.000943 -0.015599 0.001527 -0.015233 -0.013773 0.382420
-0.000626 -0.017720 0.003443 -0.013441 -0.013858 0.399089
-0.000392 -0.017136 0.001534 -0.016722 -0.013779 0.388730
0.000437 -0.021306 0.001201 -0.020914 -0.013812 0.405188
0.001037 -0.022105 0.000780 -0.022774 -0.013813 0.402118
-0.000295 -0.023680 -0.000123 -0.026856 -0.013810 0.448411
0.000433 -0.027149 -0.000188 -0.030532 -0.013841 0.469231
0.000970 -0.028255 0.000005 -0.031172 -0.013925 0.490544
0.001885 -0.027737 -0.000726 -0.032703 -0.013915 0.491610
0.002706 -0.027465 -0.003779 -0.039313 -0.013884 0.529580
0.002657 -0.027764 -0.001604 -0.034862 -0.013980 0.521107
0.000183 -0.030102 -0.000244 -0.033582 -0.013902 0.506242
0.000118 -0.030343 0.002642 -0.026520 -0.014004 0.522490
0.000078 -0.029885 0.002149 -0.027364 -0.014078 0.541371
0.000012 -0.029032 0.000849 -0.029629 -0.014131 0.564064
0.000154 -0.028817 0.000473 -0.030489 -0.014225 0.591007
0.000099 -0.027957 0.000377 -0.029752 -0.014333 0.616996
0.000756 -0.027491 0.002230 -0.024665 -0.014459 0.619522
0.000242 -0.025116 0.002054 -0.022582 -0.014276 0.597815
-0.000131 -0.022498 0.002123 -0.019644 -0.014201 0.569689
0.000139 -0.020542 0.001060 -0.020250 -0.014291 0.599119
0.000466 -0.019402 0.000985 -0.019284 -0.014453 0.634096
0.000682 -0.018575 0.000908 -0.018749 -0.014488 0.637607
0.000549 -0.018320 0.002735 -0.014166 -0.014678 0.657067
0.000280 -0.018358 0.003683 -0.012441 -0.014627 0.653879
0.000766 -0.018082 0.003668 -0.012165 -0.014698 0.667739
0.000663 -0.018141 0.003595 -0.012131 -0.014897 0.690632
0.000576 -0.017133 0.001682 -0.015130 -0.015169 0.722820
0.001178 -0.015851 0.000559 -0.016537 -0.015175 0.728414
0.000565 -0.013455 0.000411 -0.014346 -0.015444 0.760836
-0.001133 -0.011514 0.000958 -0.010444 -0.015879 0.813193
-0.001393 -0.009824 0.000140 -0.010646 -0.016004 0.825680
-0.001901 -0.006388 -0.000571 -0.008744 -0.015885 0.809625
-0.001218 -0.004775 -0.000589 -0.006814 -0.015785 0.796973
-0.000078 -0.003157 -0.000396 -0.004642 -0.015955 0.809946
-0.000551 -0.002593 -0.000024 -0.003361 -0.016185 0.831280
-0.000242 -0.002047 0.000069 -0.002885 -0.016377 0.848142
0.000482 -0.001768 0.000736 -0.002131 -0.016708 0.869521
0.000244 -0.001892 0.002050 -0.001571 -0.016706 0.870661
0.001252 -0.001774 0.001666 -0.001738 -0.016513 0.854258
0.001144 -0.001614 0.000737 -0.002075 -0.016778 0.874978
0.001173 -0.001416 0.000419 -0.002120 -0.016728 0.871222
0.001639 -0.001400 0.001270 -0.001603 -0.016998 0.889009
0.000854 -0.001319 0.002700 -0.000806 -0.016786 0.874609
0.000630 -0.001016 0.002344 -0.000711 -0.016994 0.889129
0.000525 -0.001470 0.002024 -0.001223 -0.017063 0.894348
0.002130 -0.001082 0.000124 -0.002168 -0.017121 0.893150
0.003077 -0.000866 0.001718 -0.000924 -0.017033 0.887009
0.002869 -0.000190 0.001020 -0.000637 -0.017107 0.891198
-0.001425 -0.000198 -0.000569 -0.002369 -0.017927 0.956436
-0.002867 -0.000089 0.000603 -0.000757 -0.017320 0.918668
-0.002072 -0.000037 0.000550 -0.000829 -0.018081 0.968390
0.001014 -0.000136 0.002060 -0.000029 -0.017626 0.927103
0.001133 -0.000612 0.001858 -0.000582 -0.017134 0.894806
0.000747 -0.000584 0.002144 -0.000429 -0.017072 0.892479
0.000060 -0.000251 0.000949 -0.000703 -0.017045 0.893439
0.000348 -0.000304 0.000719 -0.000931 -0.017641 0.931034
0.000142 0.000258 0.000058 -0.000779 -0.018143 0.962252
0.000958 0.000208 -0.000597 -0.001509 -0.017638 0.924026
0.001094 0.000130 -0.000550 -0.001495 -0.017628 0.924755
-0.000152 0.000022 -0.000250 -0.001183 -0.017174 0.901231
-0.000606 0.000574 0.000014 -0.000470 -0.016664 0.870034
-0.000259 0.001090 -0.002224 -0.001658 -0.016952 0.887876
0.001637 0.001709 -0.000921 0.000084 -0.017190 0.896676
0.002356 0.004026 -0.001637 0.001113 -0.017565 0.916686
0.002148 0.006564 -0.002392 0.002120 -0.017193 0.896338
0.002391 0.009725 -0.002329 0.005767 -0.016350 0.846212
0.002146 0.012491 -0.002683 0.007703 -0.016903 0.888861
0.001055 0.013870 -0.001282 0.011332 -0.017166 0.915018
-0.000323 0.014782 0.000174 0.014705 -0.017762 0.965173
-0.001853 0.015985 -0.000069 0.015310 -0.017756 0.973041
0.000556 0.016401 0.000167 0.015989 -0.018590 1.017092
0.003077 0.018000 0.000209 0.018302 -0.017559 0.948584
0.003588 0.019227 -0.000587 0.017712 -0.017844 0.965489
0.001624 0.019787 0.000125 0.019462 -0.017606 0.959567
-0.000745 0.020509 0.000681 0.021153 -0.017099 0.943851
0.000128 0.023643 0.001451 0.024854 -0.017807 1.000435
0.003984 0.025309 0.000785 0.025127 -0.017929 1.002560
0.005813 0.027040 -0.000321 0.024584 -0.017335 0.953899
0.004171 0.029179 -0.000578 0.025467 -0.017959 1.009249
0.003692 0.031088 -0.002576 0.023041 -0.018250 1.028518
0.002776 0.032226 0.000740 0.030319 -0.017829 1.020409
0.001616 0.031059 -0.002409 0.023214 -0.018024 1.017389
0.003076 0.028756 0.000975 0.028110 -0.017827 1.008475
0.004704 0.027642 0.000215 0.025317 -0.017796 0.995671
0.003914 0.024335 0.001731 0.025593 -0.017995 1.005672
0.001727 0.022595 0.001875 0.024171 -0.018270 1.023150
0.001427 0.021870 0.002143 0.024065 -0.018007 1.006642
0.002416 0.022250 -0.000021 0.019926 -0.018278 1.011504
0.002475 0.021324 -0.000718 0.017350 -0.019391 1.072759
0.000594 0.020222 0.000434 0.018824 -0.019851 1.111333
-0.002377 0.017211 0.001581 0.018383 -0.020056 1.138049
-0.000431 0.013823 0.002857 0.017496 -0.020028 1.129468
0.002853 0.009859 0.003605 0.014478 -0.020875 1.157162
0.002759 0.006463 0.001333 0.007021 -0.021203 1.157714
0.000075 0.004118 -0.001181 0.001206 -0.021616 1.176422
0.000082 0.003732 -0.001678 0.000449 -0.021046 1.144943
0.001889 0.002935 -0.000835 0.000662 -0.021062 1.143090
0.003193 0.003027 -0.000030 0.001484 -0.021070 1.141129
0.002291 0.002819 0.000175 0.001751 -0.021732 1.180290
-0.000096 0.002367 -0.000196 0.001173 -0.022071 1.202575
-0.002961 0.002272 -0.000815 0.000535 -0.022595 1.245281
-0.003095 0.001534 -0.000589 0.000207 -0.022719 1.248975
0.001581 0.001796 -0.001254 -0.000522 -0.023037 1.251733
0.003676 0.001202 -0.000485 -0.000160 -0.022500 1.217724
0.002942 0.000999 0.000179 0.000532 -0.022273 1.204447
0.000006 0.000769 0.000148 0.000290 -0.020535 1.099214
0.000232 0.000759 -0.001035 -0.001544 -0.020905 1.122829
0.000207 0.000665 -0.002069 -0.002911 -0.021355 1.152811
0.001414 0.000751 -0.001112 -0.001643 -0.020953 1.125518
-0.002413 0.001611 -0.001550 -0.000823 -0.021480 1.174316
-0.000061 0.002066 -0.001180 -0.000000 -0.022289 1.215096
-0.000142 0.001438 -0.000418 0.000267 -0.021813 1.186753
0.000736 0.001554 -0.000248 0.000690 -0.021981 1.195465
-0.000884 0.001658 -0.001609 -0.001037 -0.021949 1.205391
0.000190 0.003182 -0.000011 0.002252 -0.022407 1.227896
-0.000667 0.002609 -0.001435 0.000280 -0.023244 1.273453
-0.000543 0.003664 -0.000246 0.002332 -0.022889 1.253404
0.000075 0.002962 -0.001174 0.000914 -0.023831 1.293691
0.000963 0.002391 -0.000577 0.001129 -0.023510 1.277104
0.000120 0.001790 -0.000184 0.001057 -0.023004 1.258766
-0.000011 0.001966 -0.000257 0.001060 -0.022815 1.252546
0.001444 0.002302 0.000358 0.001982 -0.022828 1.255355
0.000935 0.002714 0.000772 0.002822 -0.022902 1.267076
0.000229 0.003100 0.000216 0.002606 -0.023008 1.272547
-0.000036 0.003603 0.000371 0.003345 -0.022803 1.256315
0.000279 0.003551 0.000721 0.003852 -0.022661 1.239367
-0.000116 0.003289 -0.000207 0.002122 -0.022991 1.252034
0.000366 0.003620 0.000135 0.003045 -0.023426 1.273816
0.000142 0.002120 -0.000387 0.001143 -0.023312 1.263039
0.000427 0.001212 0.000018 0.000758 -0.022982 1.242095
0.000159 0.001398 0.000060 0.001134 -0.023275 1.255149
0.000133 0.001325 0.000137 0.001200 -0.023422 1.262797
0.000167 0.000844 0.000114 0.000867 -0.023732 1.276122
0.000673 0.001139 0.000615 0.001369 -0.023634 1.274040
0.000349 0.000961 0.000501 0.001146 -0.023546 1.271334
-0.001195 0.001042 0.000658 0.001289 -0.023490 1.273985
0.000598 0.000867 -0.000063 0.000327 -0.023560 1.270392
-0.000029 0.001235 -0.000261 0.000311 -0.023199 1.254992
-0.000928 0.000879 -0.000514 -0.000452 -0.023313 1.264294
-0.000831 0.000917 -0.000352 0.000067 -0.023987 1.295915
0.000549 0.001468 0.000276 0.001588 -0.024086 1.295686
0.002070 0.001061 -0.000044 0.000761 -0.023965 1.287457
0.000961 0.000761 -0.000163 0.000104 -0.023880 1.285583
-0.000068 0.000426 -0.000316 -0.000860 -0.023532 1.274406
-0.000040 0.000609 0.000218 0.000751 -0.023744 1.280688
0.000766 0.000316 -0.000402 -0.000813 -0.024182 1.296632
0.001733 -0.000030 0.000300 -0.000138 -0.023931 1.282494
0.000619 -0.000318 0.001122 0.000380 -0.023876 1.282781
0.000028 -0.000699 0.000135 -0.000906 -0.024098 1.294233
-0.000974 -0.001519 0.001236 -0.000489 -0.023910 1.289535
-0.000231 -0.001147 0.000199 -0.001426 -0.023949 1.290546
0.000392 -0.000506 0.000083 -0.001190 -0.023509 1.268901
0.000229 -0.000312 0.000983 0.000227 -0.023602 1.273715
0.000717 -0.000397 0.000188 -0.001115 -0.023148 1.249619
0.000476 -0.000023 0.000936 0.000339 -0.023123 1.250769
0.000028 -0.000271 0.000014 -0.001030 -0.023611 1.273630
0.000473 -0.000190 0.000049 -0.000816 -0.023909 1.288734
-0.000405 -0.000037 -0.000147 -0.001247 -0.023346 1.267110
-0.001093 0.000057 0.001281 0.000880 -0.023849 1.289214
-0.001340 -0.000476 0.001176 0.000262 -0.023662 1.284390
-0.000379 0.000309 0.002423 0.001735 -0.024354 1.318895
0.001723 -0.000046 0.002021 0.001304 -0.024761 1.333370
0.002774 0.000201 0.000337 0.000391 -0.024447 1.312305
0.000200 0.000023 -0.000282 -0.000998 -0.024348 1.311764
-0.001398 -0.000154 -0.000782 -0.001920 -0.024354 1.314924
-0.000391 -0.000160 -0.000144 -0.000812 -0.024503 1.319938
0.000064 -0.000208 -0.000359 -0.001339 -0.024783 1.329135
0.000100 0.000205 -0.000782 -0.001524 -0.024620 1.318609
-0.000315 0.000363 -0.000002 0.000326 -0.024245 1.302884
-0.001118 0.000551 -0.000575 -0.000746 -0.023997 1.296301
0.000658 0.000494 0.000423 0.001027 -0.024592 1.317994
0.000398 0.000285 0.000412 0.000749 -0.024337 1.308970
-0.000370 0.000246 0.000440 0.000887 -0.024721 1.332952
-0.001002 -0.000272 0.000254 0.000004 -0.024555 1.326834
0.001107 0.000056 -0.000112 -0.000487 -0.024665 1.325140
0.003346 0.000030 -0.001105 -0.002194 -0.024102 1.295068
-0.000473 0.000113 -0.000875 -0.002160 -0.023550 1.275970
-0.000579 -0.000538 -0.001020 -0.003063 -0.023852 1.289526
-0.000972 -0.000266 0.000068 -0.000655 -0.023913 1.294567
-0.001060 0.000314 0.000828 0.000958 -0.024027 1.299078
0.000018 0.000390 0.001528 0.001226 -0.023818 1.289248
0.000846 0.000343 0.000234 0.000346 -0.023915 1.290536
0.001066 0.000533 0.000555 0.001001 -0.024220 1.303194
0.000086 0.000709 -0.000016 0.000608 -0.024253 1.308617
0.000199 0.000735 0.000062 0.000740 -0.024030 1.298276
0.000663 0.000641 -0.000108 0.000032 -0.023781 1.285556
-0.000141 0.000686 -0.000277 -0.000387 -0.023347 1.268227
-0.002099 0.000527 -0.000925 -0.001549 -0.023077 1.259556
-0.001785 0.000486 -0.000552 -0.001141 -0.022727 1.240214
0.001930 0.000358 0.000524 0.000315 -0.023145 1.249801
0.005429 0.000147 0.002258 0.001066 -0.023210 1.244772
0.000952 0.000066 0.000485 -0.000375 -0.022288 1.208041
-0.001567 -0.000200 0.000597 -0.000336 -0.022468 1.223880
-0.001748 -0.000979 0.000032 -0.002379 -0.022011 1.203691
0.000077 -0.001316 -0.000280 -0.003502 -0.021744 1.183653
-0.000523 -0.001848 -0.000277 -0.003737 -0.021871 1.193561
-0.001724 -0.002478 0.000578 -0.003048 -0.020406 1.113271
-0.002790 -0.001437 0.000467 -0.002285 -0.020872 1.143701
-0.000648 -0.000534 -0.000778 -0.003443 -0.021076 1.146754
0.001622 -0.000064 0.000725 -0.000634 -0.019273 1.026278
0.002301 -0.000518 0.000460 -0.001506 -0.018551 0.981393
0.001000 -0.000276 0.000485 -0.000988 -0.018251 0.966084
0.000641 0.000110 -0.000759 -0.002047 -0.017650 0.932112
0.000467 0.002505 -0.001542 0.000159 -0.017697 0.933293
0.000684 0.009764 -0.002600 0.004829 -0.016916 0.891750
0.000601 0.017244 -0.003316 0.011578 -0.015408 0.780385
0.000372 0.024716 -0.004366 0.016702 -0.014472 0.703184
0.000970 0.030918 -0.003466 0.024330 -0.013709 0.653710
0.001952 0.035191 -0.002539 0.030165 -0.013042 0.603554
0.001106 0.039793 -0.000990 0.036907 -0.012794 0.606640
-0.000904 0.043653 -0.003341 0.036185 -0.012544 0.572675
-0.001014 0.048075 -0.003079 0.040687 -0.012225 0.546295
-0.001146 0.050138 -0.002207 0.044068 -0.011951 0.525102
-0.000979 0.052412 -0.000001 0.049920 -0.011773 0.524691
0.000766 0.055628 0.000385 0.053348 -0.011784 0.557556
0.002247 0.056667 0.000942 0.054693 -0.011746 0.568397
0.002123 0.059704 -0.000261 0.055461 -0.011588 0.545437
0.002943 0.060160 0.001213 0.058429 -0.011336 0.518378
0.001792 0.060088 0.004253 0.064265 -0.011045 0.489312
0.000602 0.059245 0.006031 0.067007 -0.010852 0.455108
-0.000036 0.059336 0.003599 0.062957 -0.011007 0.451356
-0.001571 0.059109 0.002120 0.059689 -0.011177 0.446145
-0.001604 0.058520 0.003673 0.062057 -0.011040 0.445062
-0.000409 0.057839 0.005292 0.064176 -0.011003 0.467683
0.002414 0.058440 0.005024 0.063420 -0.011143 0.485536
0.005809 0.057600 0.002271 0.056684 -0.011657 0.529479
0.004310 0.058188 0.001402 0.056033 -0.011560 0.511693
0.001747 0.060175 0.001330 0.058661 -0.011289 0.473245
-0.001538 0.060463 0.000661 0.058009 -0.011247 0.490233
-0.001854 0.061441 0.001239 0.060061 -0.011240 0.501430
0.000990 0.062237 -0.000023 0.057995 -0.011300 0.494250
0.001973 0.062659 0.000286 0.059107 -0.011198 0.458133
0.002519 0.061034 0.000173 0.057510 -0.011358 0.489907
0.003104 0.059450 0.001504 0.058077 -0.011467 0.520421
0.001766 0.056865 0.002847 0.058348 -0.011436 0.528293
0.000429 0.057493 0.003565 0.060786 -0.011272 0.518724
0.001065 0.055090 0.000698 0.053043 -0.011865 0.579824
0.001493 0.051496 -0.000426 0.048089 -0.012322 0.621302
0.002964 0.047873 -0.001286 0.043316 -0.012507 0.619803
0.003807 0.040709 -0.001283 0.036999 -0.012954 0.640288
0.001680 0.035925 -0.003049 0.029935 -0.013148 0.624148
-0.001062 0.029992 -0.001492 0.026814 -0.013725 0.680112
-0.004108 0.025337 -0.003746 0.018755 -0.013855 0.670481
-0.003459 0.022411 -0.005211 0.013142 -0.014006 0.670181
-0.001651 0.020440 -0.004740 0.011847 -0.014309 0.693496
-0.002950 0.019438 -0.004092 0.011918 -0.014445 0.706238
-0.003405 0.019523 -0.004456 0.011087 -0.014593 0.716747
-0.002973 0.021284 -0.006100 0.009807 -0.014573 0.707086
-0.003641 0.020763 -0.005876 0.009822 -0.014604 0.711997
-0.004915 0.020517 -0.002046 0.016959 -0.014307 0.709187
-0.005146 0.021756 -0.003940 0.014655 -0.014530 0.715525
-0.004579 0.023448 -0.003782 0.016124 -0.014586 0.738208
-0.000839 0.022831 -0.003797 0.014800 -0.015270 0.805534
-0.000688 0.023993 -0.001088 0.021001 -0.015032 0.799833
-0.000473 0.024333 0.001743 0.026716 -0.014631 0.779915
-0.002907 0.024062 0.001293 0.025724 -0.014625 0.774507
-0.002663 0.022999 0.003262 0.028077 -0.014879 0.820876
-0.001670 0.021448 0.004221 0.028706 -0.014871 0.818530
-0.002209 0.017570 0.002134 0.021636 -0.015833 0.870172
-0.001958 0.011189 0.001324 0.014034 -0.016780 0.913254
-0.004661 0.006738 0.000080 0.006401 -0.017687 0.956519
-0.005037 0.002140 -0.000307 0.000606 -0.017706 0.944962
-0.003408 -0.000481 -0.001465 -0.003571 -0.018439 0.985518
0.001294 -0.001175 -0.000560 -0.003677 -0.018615 0.983978
0.005860 -0.002883 -0.001601 -0.006621 -0.019152 1.008530
0.007777 -0.005381 0.000553 -0.005546 -0.018935 0.990242
0.005315 -0.006744 -0.000415 -0.008166 -0.018477 0.972219
0.000900 -0.006755 0.002372 -0.004100 -0.018396 0.974613
-0.002468 -0.006641 -0.000927 -0.009636 -0.018289 0.981526
0.000302 -0.005573 -0.001846 -0.010777 -0.018312 0.975270
0.004205 -0.004168 -0.001982 -0.008401 -0.018195 0.956064
0.003867 -0.001111 0.000278 -0.002486 -0.020265 1.090186
-0.000622 -0.001571 -0.001845 -0.005734 -0.020485 1.120034
-0.001394 -0.001555 0.000096 -0.003240 -0.020083 1.094589
-0.003150 -0.002130 0.000276 -0.003374 -0.019591 1.073869
-0.003502 -0.001730 0.000945 -0.002063 -0.020269 1.119835
-0.004028 -0.004530 -0.001502 -0.007498 -0.020483 1.136548
-0.000698 -0.004815 -0.000776 -0.007123 -0.019922 1.093982
-0.000110 -0.005635 -0.000475 -0.007274 -0.020092 1.100705
-0.000980 -0.004859 -0.000537 -0.007089 -0.018929 1.023313
-0.001004 -0.004973 0.001037 -0.004435 -0.019335 1.049811
0.001249 -0.006840 0.000273 -0.006671 -0.019997 1.092812
0.002486 -0.004284 -0.000692 -0.006552 -0.020421 1.112683
0.000907 -0.003414 0.000167 -0.004577 -0.019972 1.087344
-0.003241 -0.001736 -0.000263 -0.003804 -0.020013 1.097862
-0.000621 -0.000890 0.000088 -0.002704 -0.020486 1.116907
0.002962 -0.001827 -0.001093 -0.005062 -0.021061 1.139528
0.003383 -0.001315 0.000256 -0.003023 -0.020712 1.117054
-0.002714 -0.000940 -0.001194 -0.004458 -0.020442 1.118379
-0.002168 -0.000433 -0.000548 -0.003063 -0.019744 1.075958
0.000357 -0.001461 -0.001328 -0.005449 -0.019803 1.072301
0.003969 -0.001177 -0.000255 -0.003499 -0.019380 1.033351
0.001995 -0.000898 0.000357 -0.002396 -0.018990 1.011565
0.000298 -0.001211 -0.001113 -0.004862 -0.018790 1.005139
0.001052 -0.001609 0.000005 -0.003294 -0.017903 0.947844
0.002689 -0.001990 -0.001727 -0.005842 -0.017424 0.914995
-0.001252 -0.001837 -0.001020 -0.004285 -0.016586 0.869836
-0.001609 -0.002011 -0.000041 -0.003171 -0.017052 0.902044
0.000630 -0.002556 -0.000625 -0.005110 -0.017412 0.919702
0.003795 -0.001996 -0.002035 -0.006067 -0.017220 0.901634
0.001167 -0.001289 -0.000671 -0.003422 -0.016790 0.879722
0.000677 -0.000568 0.000900 -0.001046 -0.016553 0.864865
0.000011 0.000356 -0.000029 -0.000725 -0.016397 0.855859
0.001227 0.000059 -0.001972 -0.002791 -0.016455 0.856052
0.000909 -0.000011 -0.002097 -0.002693 -0.016067 0.823964
-0.002041 -0.000615 0.001569 -0.000849 -0.016116 0.838555
-0.002390 -0.000998 0.001439 -0.001141 -0.016619 0.880418
-0.002172 -0.001316 -0.001803 -0.004333 -0.016478 0.869247
-0.000105 -0.001228 -0.001526 -0.003910 -0.015996 0.821264
0.000177 -0.000892 -0.000040 -0.002049 -0.015789 0.800375
0.000417 -0.000861 -0.000317 -0.002138 -0.015595 0.776799
0.003197 -0.000872 0.000608 -0.001526 -0.015512 0.758589
0.001614 -0.000517 0.001496 -0.000646 -0.015050 0.717828
0.000278 -0.000308 0.001271 -0.000411 -0.014739 0.691335
0.002467 -0.000413 -0.001051 -0.001430 -0.014284 0.634625
0.000944 0.000531 -0.004241 -0.002063 -0.013998 0.607892
-0.000656 0.001131 -0.002999 -0.000808 -0.013885 0.570506
-0.001247 -0.000121 0.001207 0.000744 -0.013895 0.535430
0.000341 0.000098 0.004082 0.004529 -0.013815 0.508334
0.000625 0.001417 -0.000623 0.001509 -0.013800 0.490780
0.000908 0.000221 -0.001698 -0.000448 -0.013828 0.489501
0.000205 -0.000255 -0.000924 -0.000462 -0.013819 0.477333
-0.000439 0.000985 0.000398 0.002164 -0.013773 0.470264
-0.000042 0.001301 -0.000607 0.001577 -0.013749 0.449845
0.002488 -0.000180 -0.000388 0.000372 -0.013837 0.412995
0.002273 0.000517 -0.000488 0.000860 -0.013788 0.436130
0.000604 0.001690 -0.000215 0.002891 -0.013697 0.423939
0.000103 0.000759 -0.000256 0.001428 -0.013692 0.426773
-0.000453 0.001287 -0.000569 0.001537 -0.013710 0.461006
-0.000229 0.002076 -0.001076 0.002100 -0.013730 0.465025
0.000163 0.002101 -0.001415 0.001850 -0.013713 0.458143
0.000397 0.001906 -0.001938 0.001195 -0.013734 0.442377
-0.000253 0.001675 -0.001276 0.001447 -0.013747 0.448045
-0.000908 0.001834 -0.000543 0.002548 -0.013711 0.443885
-0.000620 0.002040 0.000006 0.003443 -0.013742 0.458595
-0.000240 0.001887 0.000211 0.003457 -0.013768 0.467611
-0.000167 0.002728 -0.000307 0.004337 -0.013690 0.445452
0.000018 0.002829 -0.001501 0.003066 -0.013693 0.413596
0.000164 0.002426 -0.001158 0.002875 -0.013749 0.419052
-0.000136 0.002552 -0.000300 0.004073 -0.013810 0.435654
-0.000294 0.002841 0.000019 0.005175 -0.013807 0.430968
-0.000204 0.002910 -0.000643 0.004358 -0.013823 0.419430
0.000153 0.003069 -0.001604 0.003122 -0.013864 0.435134
0.000847 0.003168 -0.002193 0.002630 -0.013856 0.434547
0.000469 0.002726 -0.001463 0.003072 -0.013826 0.406108
-0.000022 0.003469 -0.000369 0.005868 -0.013737 0.386092
0.000055 0.004206 0.000516 0.008124 -0.013712 0.386157
-0.000397 0.003966 -0.001287 0.005394 -0.013679 0.360053
-0.003002 0.003555 -0.003211 0.002340 -0.013718 0.391503
-0.002472 0.004449 -0.004101 0.002403 -0.013621 0.373224
0.000122 0.004870 -0.002608 0.005118 -0.013651 0.328334
0.001191 0.004186 -0.000976 0.006657 -0.013727 0.313773
0.000751 0.004330 -0.000594 0.007398 -0.013714 0.312590
0.000204 0.004889 -0.000184 0.008686 -0.013651 0.307774
0.000356 0.003688 -0.000006 0.007411 -0.013706 0.315969
0.000667 0.002777 -0.000146 0.006124 -0.013736 0.296824
0.001380 0.002819 0.000233 0.006779 -0.013760 0.308224
0.002901 0.002273 0.000776 0.006183 -0.013797 0.357643
0.003691 0.001288 0.001519 0.005614 -0.013823 0.341849
0.002658 0.000768 0.001114 0.003986 -0.013824 0.353166
0.001665 -0.000185 0.000012 0.000947 -0.013852 0.386567
0.001402 -0.001330 0.000268 -0.000058 -0.013840 0.409391
0.000291 -0.002510 0.001937 0.000079 -0.013828 0.414042
0.000966 -0.003848 0.003074 -0.000255 -0.013896 0.434872
0.001455 -0.005068 0.001519 -0.001959 -0.013906 0.435781
-0.000043 -0.007616 -0.000322 -0.009210 -0.013719 0.427357
0.000409 -0.009435 0.002441 -0.005344 -0.013862 0.395506
-0.000311 -0.010228 0.003577 -0.004387 -0.013863 0.402669
-0.002438 -0.011020 0.001808 -0.008760 -0.013729 0.427437
-0.002906 -0.011351 0.001122 -0.010399 -0.013719 0.476480
0.001737 -0.011483 -0.000725 -0.014168 -0.013759 0.483222
0.000168 -0.009980 0.000264 -0.010366 -0.013843 0.513057
-0.005460 -0.009381 0.000470 -0.009060 -0.014031 0.588069
-0.003706 -0.008283 0.000588 -0.007563 -0.014169 0.617450
-0.003304 -0.008296 -0.002384 -0.014945 -0.014281 0.652842
-0.004334 -0.006525 -0.004178 -0.016733 -0.014737 0.707140
-0.004763 -0.004483 -0.001188 -0.006786 -0.015582 0.789855
-0.001185 -0.004125 -0.002190 -0.009469 -0.015737 0.804523
-0.002223 -0.001542 -0.001763 -0.004099 -0.016059 0.829608
-0.003632 -0.002062 -0.003775 -0.008035 -0.016262 0.851829
-0.000806 -0.001682 0.000024 -0.002452 -0.016426 0.855451
-0.001004 -0.000701 -0.000755 -0.002411 -0.016341 0.850235
-0.000169 -0.000449 -0.000372 -0.001811 -0.016064 0.817199
0.005194 -0.002400 -0.004433 -0.010550 -0.016575 0.854509
0.004083 -0.000539 -0.002915 -0.004342 -0.016380 0.836791
0.003613 -0.000535 0.000701 -0.001172 -0.016493 0.844949
-0.002343 0.000006 0.002464 0.000329 -0.016462 0.861106
-0.003546 0.000132 -0.000769 -0.001305 -0.016202 0.840463
-0.002678 -0.000500 -0.001926 -0.003115 -0.016331 0.849348
-0.002077 -0.000754 -0.000386 -0.001922 -0.016303 0.848264
-0.000915 -0.000845 -0.000019 -0.001853 -0.016234 0.840641
-0.002743 -0.002315 0.001164 -0.002128 -0.016640 0.874838
-0.001465 -0.002608 -0.000256 -0.003579 -0.016524 0.864477
-0.000446 -0.003031 -0.000059 -0.003871 -0.016852 0.882483
-0.001644 -0.004301 0.001149 -0.003219 -0.016786 0.880801
-0.001955 -0.005075 0.000118 -0.005160 -0.016802 0.884118
0.000119 -0.003268 -0.000282 -0.004747 -0.017024 0.891777
0.001806 -0.003529 -0.000278 -0.005108 -0.017744 0.931727
0.002628 -0.001428 0.000861 -0.001927 -0.018439 0.970351
0.002089 -0.000869 -0.002894 -0.005949 -0.018240 0.960184
0.001122 0.000556 -0.000764 -0.000910 -0.017658 0.923789
-0.000129 0.000900 -0.001589 -0.001441 -0.017742 0.932285
0.000496 0.002416 -0.000360 0.000868 -0.016774 0.868662
-0.001341 0.002773 0.000748 0.002617 -0.017119 0.898500
-0.000129 0.003119 0.001541 0.004615 -0.017472 0.919382
-0.000356 0.004134 0.000351 0.004169 -0.016781 0.875435
0.001918 0.003799 -0.000788 0.001529 -0.016724 0.864675
0.001970 0.003135 0.001002 0.003581 -0.016581 0.859266
-0.000324 0.002644 0.000178 0.001596 -0.016826 0.874745
0.000048 0.003006 -0.000002 0.001816 -0.016769 0.869547
-0.000812 0.002767 -0.000692 0.000958 -0.016802 0.871279
-0.000003 0.002388 -0.000362 0.000902 -0.017059 0.887096
0.000463 0.001899 -0.000166 0.000680 -0.017383 0.908709
0.001143 0.001621 -0.000404 0.000315 -0.018042 0.946613
-0.000542 0.000583 -0.000197 -0.000504 -0.017807 0.939221
-0.000096 0.000079 -0.000056 -0.000964 -0.018137 0.957479
-0.002133 -0.000537 -0.000229 -0.001682 -0.017724 0.935413
0.000865 -0.000521 0.000379 -0.001211 -0.017991 0.944038
0.001407 -0.000415 -0.000330 -0.001919 -0.017758 0.929076
0.000923 -0.000694 -0.001083 -0.003526 -0.017851 0.936169
-0.000233 -0.000799 0.000601 -0.001301 -0.017839 0.938636
0.000260 -0.000837 0.000659 -0.001301 -0.017794 0.935286
0.001637 -0.000992 -0.000613 -0.003231 -0.017769 0.931762
0.003034 -0.001634 -0.000248 -0.003386 -0.017673 0.923843
0.000476 -0.001193 -0.000141 -0.002578 -0.016910 0.883540
-0.002151 -0.001517 -0.001119 -0.003957 -0.016928 0.890260
-0.004578 -0.001568 0.000154 -0.002126 -0.017311 0.918987
-0.000829 -0.001455 0.000332 -0.002229 -0.017892 0.944671
0.001016 -0.000847 0.001552 -0.000838 -0.017357 0.907980
0.001876 -0.001418 -0.000235 -0.002900 -0.017419 0.910996
0.000875 -0.000760 0.000303 -0.001479 -0.017216 0.900239
0.001482 -0.001352 0.001167 -0.001531 -0.017168 0.897756
0.002124 -0.000930 0.000656 -0.001559 -0.016723 0.869117
0.002170 -0.001032 0.000548 -0.001661 -0.016796 0.874614
-0.001365 -0.001186 -0.000144 -0.002306 -0.017139 0.899634
-0.004456 -0.000668 -0.000563 -0.001923 -0.017422 0.921417
-0.003876 -0.000132 0.000435 -0.000634 -0.017313 0.911641
0.000585 0.000252 -0.002103 -0.003026 -0.017598 0.918775
0.003338 0.000511 -0.001737 -0.002076 -0.017771 0.922814
0.001801 0.000804 -0.000267 -0.000257 -0.018004 0.940740
0.001565 0.001735 0.002990 0.003546 -0.017998 0.947329
-0.001364 0.002287 0.003362 0.005429 -0.017673 0.939111
0.000635 0.001105 0.001293 0.000694 -0.018627 0.987192
0.000196 0.001294 0.000218 0.000319 -0.018969 1.012668
-0.000074 0.001474 0.000730 0.000844 -0.019560 1.054218
0.001119 0.001327 -0.000555 -0.000565 -0.019535 1.053847
0.003905 0.001103 -0.000818 -0.001208 -0.020387 1.100193
0.008381 0.000386 -0.001368 -0.002500 -0.020313 1.085555
0.005768 0.000600 0.000550 -0.000246 -0.019241 1.025030
0.001672 0.000706 -0.001888 -0.003015 -0.018509 0.995979
-0.003712 0.000756 0.001128 0.000171 -0.019110 1.048731
-0.003031 0.000085 0.001290 -0.000380 -0.018559 1.009415
0.000318 0.000178 -0.000044 -0.001189 -0.018097 0.965895
0.001910 -0.000361 0.000413 -0.001217 -0.017591 0.929082
0.006642 -0.000385 0.003923 0.000505 -0.017181 0.893852
0.002919 -0.000321 -0.000234 -0.001618 -0.016203 0.830770
-0.000908 0.000273 -0.001169 -0.001595 -0.016196 0.837239
-0.001228 0.000178 -0.002139 -0.002465 -0.015910 0.804568
-0.000525 -0.000225 0.000742 -0.000910 -0.015683 0.777204
0.002805 0.000425 -0.000827 -0.000917 -0.015114 0.714498
0.004608 0.000892 -0.003439 -0.001604 -0.014826 0.690865
0.001295 0.001027 -0.004002 -0.001773 -0.014468 0.658982
-0.001054 0.001196 -0.000589 0.000066 -0.014446 0.652194
-0.002060 0.001373 -0.000425 0.000293 -0.014409 0.652836
-0.002159 0.002014 0.000610 0.002179 -0.014320 0.644518
0.000218 0.001668 -0.003772 -0.000936 -0.014043 0.609773
-0.000132 0.001662 -0.000786 0.000558 -0.014183 0.620367
0.000269 0.001072 0.000270 0.000716 -0.014338 0.635117
0.000232 0.001317 0.002744 0.003394 -0.014380 0.642900
0.000033 0.000881 0.001280 0.001404 -0.014404 0.638839
0.000533 0.000742 0.001216 0.001397 -0.014307 0.610469
-0.000021 0.000878 -0.000662 0.000043 -0.014268 0.605048
0.000692 0.000517 0.000375 0.000515 -0.014340 0.593653
0.000500 0.000123 0.000348 0.000304 -0.014202 0.557007
0.000791 0.000601 0.000557 0.000718 -0.014330 0.591587
0.002017 0.000537 -0.001217 -0.000300 -0.014203 0.567938
0.003220 0.000275 0.000354 0.000651 -0.014150 0.519164
0.003805 -0.000284 0.002449 0.001598 -0.014151 0.509934
0.001751 -0.000780 0.002906 0.001451 -0.014095 0.486024
0.000141 -0.001658 0.000870 -0.000089 -0.013982 0.414988
0.000348 -0.002232 -0.000723 -0.001632 -0.013868 0.400710
0.000563 -0.001438 -0.000963 -0.001159 -0.013834 0.422994
0.000399 -0.001292 -0.001961 -0.001750 -0.013758 0.418321
-0.000070 -0.001702 -0.001023 -0.001478 -0.013792 0.406766
0.000159 -0.001471 0.000107 -0.000331 -0.013826 0.399345
0.000178 -0.000770 0.000526 0.000515 -0.013833 0.393225
0.000199 -0.000777 0.000765 0.000757 -0.013831 0.382398
0.000792 -0.000019 0.000741 0.001948 -0.013831 0.385620
0.001459 0.000765 -0.000255 0.002103 -0.013786 0.366573
0.001463 0.001262 -0.000988 0.002214 -0.013747 0.339790
0.000853 0.001383 0.000502 0.004400 -0.013711 0.337954
0.000425 0.001549 0.000669 0.004901 -0.013685 0.346195
0.000664 0.001482 0.000456 0.004681 -0.013700 0.324795
0.000733 0.000416 -0.000089 0.002401 -0.013749 0.303029
0.000405 0.000113 -0.000088 0.001905 -0.013782 0.302129
0.000055 0.000657 0.000114 0.002973 -0.013783 0.310154
0.000377 0.000788 -0.000218 0.002831 -0.013789 0.294307
0.000560 0.000756 -0.000948 0.001845 -0.013782 0.297010
0.000367 0.000727 -0.001439 0.001241 -0.013764 0.303260
0.000165 0.000696 -0.000667 0.002063 -0.013769 0.299755
0.000066 0.000922 0.000013 0.003185 -0.013787 0.310069
0.000110 0.000954 -0.000334 0.002915 -0.013777 0.295599
0.000233 0.000807 -0.000998 0.002007 -0.013758 0.280271
0.000265 0.000869 -0.000848 0.002223 -0.013783 0.286200
0.000121 0.001003 -0.000651 0.002837 -0.013786 0.270426
-0.000003 0.001076 -0.000243 0.003530 -0.013780 0.263827
0.000083 0.001284 -0.000402 0.003848 -0.013780 0.245046
0.000201 0.001358 -0.000476 0.004012 -0.013788 0.230489
0.000112 0.001333 -0.000667 0.003743 -0.013787 0.231104
0.000166 0.001479 -0.000765 0.003823 -0.013793 0.231498
0.000301 0.001522 -0.000753 0.003964 -0.013794 0.225495
0.000205 0.001624 -0.000708 0.004041 -0.013791 0.237418
0.000247 0.001571 -0.000921 0.003751 -0.013793 0.232704
0.000298 0.001538 -0.001004 0.003657 -0.013800 0.228796
0.000340 0.001525 -0.001188 0.003478 -0.013811 0.226658
0.000277 0.001474 -0.001114 0.003491 -0.013814 0.225695
0.000324 0.001599 -0.001059 0.003720 -0.013827 0.226610
0.000418 0.001617 -0.001004 0.003880 -0.013835 0.220016
0.000522 0.001503 -0.000988 0.003827 -0.013839 0.213328
0.000651 0.001645 -0.001100 0.003946 -0.013834 0.209479
0.000641 0.001598 -0.001006 0.003941 -0.013837 0.213736
0.000476 0.001647 -0.000959 0.003997 -0.013817 0.218654
0.000300 0.001562 -0.000962 0.003902 -0.013799 0.215403
0.000130 0.001450 -0.001006 0.003703 -0.013786 0.215627
0.000149 0.001472 -0.000924 0.003839 -0.013789 0.214159
0.000069 0.001781 -0.000924 0.004221 -0.013773 0.217187
0.000045 0.001774 -0.001041 0.004065 -0.013766 0.218678
0.000108 0.001676 -0.000900 0.004121 -0.013787 0.215649
0.000007 0.001909 -0.000946 0.004281 -0.013761 0.223347
-0.000064 0.002004 -0.000911 0.004332 -0.013748 0.237587
-0.000035 0.001929 -0.000990 0.004150 -0.013747 0.232850
0.000060 0.001795 -0.001050 0.003972 -0.013752 0.226578
0.000109 0.001938 -0.000967 0.004194 -0.013747 0.229468
0.000096 0.001683 -0.000738 0.004212 -0.013748 0.222763
-0.000048 0.001661 -0.000438 0.004468 -0.013740 0.231660
-0.000026 0.001893 -0.000421 0.005003 -0.013730 0.219257
0.000035 0.002267 -0.000412 0.005721 -0.013711 0.210028
-0.000016 0.001786 -0.000474 0.004825 -0.013729 0.207757
-0.000043 0.001640 -0.000669 0.004306 -0.013738 0.211734
-0.000118 0.001767 -0.000444 0.004592 -0.013726 0.226358
-0.000307 0.001848 -0.000796 0.004192 -0.013705 0.233118
-0.000552 0.001631 -0.001091 0.003453 -0.013692 0.246529
-0.000252 0.001614 -0.000869 0.003708 -0.013712 0.243859
0.000126 0.001529 -0.000428 0.004174 -0.013747 0.240078
0.000059 0.001626 0.000366 0.005047 -0.013749 0.285383
-0.000098 0.001890 0.000029 0.004717 -0.013749 0.302483
-0.000329 0.001335 0.000398 0.004330 -0.013749 0.303490
-0.000554 0.001493 0.001371 0.005852 -0.013747 0.319848
-0.000580 0.002244 0.001145 0.006982 -0.013732 0.308130
-0.000330 0.001467 -0.000126 0.003946 -0.013816 0.288121
-0.000112 0.001374 -0.000504 0.003445 -0.013832 0.279570
0.000066 0.002219 -0.000216 0.005301 -0.013831 0.255211
-0.000197 0.001975 0.000054 0.005303 -0.013834 0.258561
-0.000329 0.001596 0.000033 0.004640 -0.013851 0.258389
-0.000450 0.001863 0.000008 0.005016 -0.013860 0.261129
-0.000660 0.002052 -0.000135 0.005132 -0.013847 0.254600
