-0.001121 -0.000485 0.000066 -0.001525 -0.022410 1.223311
0.000257 -0.000857 0.000029 -0.002074 -0.022842 1.246631
0.001362 -0.000511 0.000258 -0.001456 -0.022057 1.195798
0.000164 -0.000238 -0.000236 -0.002000 -0.022482 1.223182
-0.000563 -0.000384 -0.000061 -0.001631 -0.022855 1.246687
-0.000877 -0.000056 0.000288 -0.000539 -0.022570 1.228192
-0.000116 -0.000569 -0.000493 -0.002870 -0.023009 1.251055
0.002091 -0.000599 -0.000870 -0.003323 -0.022484 1.222702
0.002172 -0.000865 -0.001595 -0.004524 -0.022276 1.210364
0.000971 -0.000699 -0.002494 -0.005307 -0.021580 1.175677
0.000238 -0.001408 -0.001375 -0.004871 -0.022144 1.213345
-0.000548 -0.001090 -0.000829 -0.003894 -0.022520 1.233557
-0.002456 -0.000368 0.000725 -0.000029 -0.023796 1.303032
-0.001691 -0.000296 0.001970 0.000671 -0.023037 1.261127
0.002108 -0.000678 0.002030 0.000066 -0.022406 1.221339
0.001424 -0.000606 0.001468 -0.000100 -0.022710 1.241542
0.001039 -0.000088 -0.000633 -0.002178 -0.022774 1.240841
-0.002080 0.000042 -0.001779 -0.003269 -0.023259 1.270896
-0.003465 -0.000083 -0.000494 -0.001315 -0.023657 1.294162
-0.001832 -0.000113 0.001153 0.000833 -0.024344 1.320975
0.001749 -0.000660 0.002441 0.000855 -0.024559 1.329153
0.001844 -0.000542 0.000176 -0.001144 -0.024027 1.303802
0.001990 -0.000041 -0.000048 -0.001060 -0.023166 1.259667
0.000240 0.000053 -0.001704 -0.003415 -0.022783 1.242015
0.001745 -0.000224 -0.000727 -0.002501 -0.022781 1.241014
-0.000456 -0.000071 -0.001113 -0.002958 -0.022490 1.232602
-0.000845 -0.000336 -0.000528 -0.002403 -0.022841 1.249178
-0.001136 -0.000178 -0.001022 -0.002961 -0.022718 1.243955
-0.000101 -0.000062 -0.002035 -0.003908 -0.022905 1.250685
0.000426 -0.000159 -0.001262 -0.003179 -0.022836 1.246569
-0.000030 -0.000070 -0.002130 -0.004094 -0.022696 1.241436
0.000317 -0.000084 -0.000761 -0.002537 -0.022571 1.235121
0.000429 -0.000272 0.000024 -0.001361 -0.022570 1.233763
0.000599 -0.000707 -0.000270 -0.002473 -0.022931 1.253882
0.000172 -0.001443 -0.000057 -0.002819 -0.022674 1.244529
-0.000420 -0.001093 -0.000272 -0.002970 -0.022582 1.241823
0.000442 -0.001273 -0.000210 -0.002825 -0.023658 1.296787
-0.000136 -0.001532 -0.000098 -0.002661 -0.023742 1.303945
-0.000577 -0.001597 -0.000142 -0.002638 -0.024150 1.319051
-0.000468 -0.000838 0.000071 -0.001386 -0.024059 1.306863
0.000316 -0.001008 -0.000593 -0.003093 -0.024013 1.304173
0.000872 -0.001072 0.000011 -0.002012 -0.024013 1.305835
0.000145 -0.000619 -0.000284 -0.002331 -0.023328 1.273000
0.000142 -0.000074 -0.000197 -0.001429 -0.023307 1.271941
0.000063 0.000006 -0.000091 -0.000932 -0.023556 1.286853
0.000589 0.000103 0.000945 0.000610 -0.023662 1.286077
0.001135 0.000016 0.000338 -0.000008 -0.023840 1.291608
0.000931 -0.000081 -0.000494 -0.001727 -0.023739 1.293822
0.000635 0.000180 -0.001080 -0.002230 -0.023629 1.285042
-0.000601 0.000178 -0.001995 -0.003317 -0.023751 1.293791
-0.000485 -0.000004 -0.001456 -0.002951 -0.023804 1.302234
0.000326 0.000193 -0.002034 -0.003259 -0.023882 1.299907
0.001027 0.000125 -0.002187 -0.003544 -0.023747 1.294188
0.001189 0.000021 -0.001469 -0.002903 -0.023550 1.287424
0.000882 0.000176 -0.001273 -0.002439 -0.023686 1.294525
0.000181 -0.000060 -0.000245 -0.001275 -0.023850 1.299763
0.000699 0.000072 0.000389 0.000161 -0.023817 1.298128
0.001059 -0.000200 0.000649 -0.000109 -0.023502 1.284079
0.000528 0.000076 0.000029 -0.000702 -0.023159 1.264942
0.000607 0.000045 -0.000411 -0.001760 -0.022518 1.233972
0.001171 -0.000122 -0.000341 -0.001890 -0.022296 1.221244
0.000206 -0.000003 -0.000106 -0.001306 -0.022312 1.225084
-0.000303 -0.000286 0.000284 -0.000870 -0.022425 1.230559
-0.000325 -0.000304 0.001294 0.000099 -0.022657 1.239925
0.000220 -0.000208 0.001165 0.000099 -0.022603 1.233163
0.000724 -0.000447 0.001485 0.000011 -0.022599 1.232514
0.001014 -0.000418 0.000767 -0.000628 -0.022671 1.234531
0.001025 -0.000239 0.000455 -0.000728 -0.022642 1.231183
0.001033 -0.000131 0.000507 -0.000514 -0.022558 1.226387
0.000816 -0.000277 0.000834 -0.000299 -0.022716 1.235929
0.001071 0.000069 -0.000054 -0.001129 -0.022746 1.236026
0.000289 0.000266 -0.000733 -0.002034 -0.022877 1.245484
-0.000658 0.000350 -0.000285 -0.001114 -0.022840 1.246818
-0.000851 0.000323 -0.000388 -0.001397 -0.022387 1.222867
0.001547 -0.000118 0.000445 -0.000771 -0.022210 1.209253
0.002723 -0.000036 -0.000184 -0.001593 -0.022371 1.216002
0.001566 -0.000283 0.000115 -0.001664 -0.021823 1.187072
-0.000631 0.000060 0.000939 0.000119 -0.021966 1.199522
-0.001268 0.000334 0.000829 0.000423 -0.022212 1.213981
0.000254 -0.000007 0.000202 -0.000701 -0.022551 1.228278
0.001679 0.000451 0.000240 -0.000243 -0.022219 1.206794
0.002468 0.000288 -0.000828 -0.002110 -0.021711 1.181635
0.002211 0.000583 -0.001018 -0.001814 -0.021810 1.190321
0.000477 0.000960 -0.002035 -0.002503 -0.022300 1.222832
-0.001179 0.001225 -0.002136 -0.002323 -0.022427 1.230798
-0.000866 0.000831 -0.001571 -0.002074 -0.022861 1.254963
0.000236 0.000602 -0.000258 -0.000622 -0.022962 1.254891
0.001051 0.000871 -0.000379 -0.000409 -0.022978 1.250198
0.000812 0.001086 -0.000654 -0.000760 -0.022178 1.216023
0.000671 0.000714 -0.000562 -0.001103 -0.022542 1.232279
0.001471 0.000605 -0.000393 -0.000831 -0.022732 1.238079
0.001088 0.000674 -0.000402 -0.000914 -0.022236 1.213917
0.000991 0.001034 -0.000008 0.000244 -0.022113 1.207251
-0.000167 0.000359 -0.000191 -0.000908 -0.022721 1.241044
-0.000184 0.000807 0.000048 0.000506 -0.023046 1.254280
0.000401 0.000128 -0.000109 -0.000906 -0.023256 1.264545
0.000544 0.000212 0.000230 0.000053 -0.023514 1.273537
0.000011 0.000269 -0.000026 -0.000506 -0.023128 1.256288
0.001073 0.000679 0.000352 0.000463 -0.022676 1.233835
0.000771 0.000381 0.000141 -0.000156 -0.022943 1.249968
-0.000020 0.000252 -0.000100 -0.000804 -0.023066 1.260713
0.000793 -0.000042 0.000618 -0.000092 -0.023109 1.263414
0.000717 -0.000352 0.000031 -0.001566 -0.022718 1.244359
0.001380 -0.000740 -0.000310 -0.002609 -0.022789 1.249380
0.001228 -0.000668 -0.000454 -0.002814 -0.022819 1.248468
0.003285 -0.000878 0.000580 -0.001587 -0.022582 1.232952
0.001502 -0.001287 0.002673 -0.000126 -0.022628 1.242181
-0.000981 -0.000720 0.003955 0.001065 -0.022663 1.243906
-0.000099 -0.001296 0.003752 0.000670 -0.023145 1.267410
0.004102 -0.001423 0.002490 0.000071 -0.023584 1.275521
0.004045 -0.000294 -0.000574 -0.001988 -0.023593 1.272466
0.002677 0.000030 -0.001735 -0.003166 -0.023609 1.277487
0.000445 -0.000264 -0.000461 -0.002237 -0.023209 1.262672
-0.002549 -0.000205 0.000587 -0.000277 -0.022878 1.260211
-0.001132 -0.000116 0.001587 0.000485 -0.022705 1.244568
0.000156 -0.000393 0.001191 0.000018 -0.023014 1.255737
0.000822 -0.000575 0.000250 -0.001248 -0.023303 1.269331
-0.000206 -0.000085 -0.000847 -0.002365 -0.023898 1.299314
0.001237 0.000044 -0.001543 -0.002863 -0.024088 1.306513
0.002531 -0.000112 -0.001741 -0.003206 -0.024168 1.303316
0.000430 0.000070 -0.001581 -0.002847 -0.024046 1.298338
-0.000733 -0.000048 -0.001191 -0.002577 -0.023857 1.293446
0.000607 -0.000639 -0.000596 -0.002878 -0.023152 1.261915
0.002873 -0.001095 -0.000459 -0.002938 -0.023254 1.266750
0.002242 -0.000580 -0.000488 -0.002336 -0.023445 1.279956
0.001361 -0.000222 -0.001719 -0.003592 -0.023246 1.270864
-0.000860 0.000282 -0.002257 -0.003526 -0.023279 1.276254
-0.001105 0.000250 -0.001579 -0.002649 -0.023712 1.294477
-0.001396 -0.000423 -0.000578 -0.002249 -0.023565 1.286740
0.000097 -0.000644 0.001917 0.000303 -0.023589 1.286947
0.001120 -0.001677 0.000291 -0.002118 -0.023763 1.292071
0.005274 -0.001706 0.000381 -0.002203 -0.023704 1.285242
0.004520 -0.001414 0.000357 -0.001987 -0.023594 1.280848
0.000973 -0.000340 -0.002915 -0.004873 -0.023458 1.278607
-0.000337 -0.000483 -0.002249 -0.004242 -0.023802 1.294555
-0.002613 -0.000309 -0.002423 -0.004100 -0.023569 1.289055
-0.001320 -0.000103 -0.000583 -0.001762 -0.023613 1.285880
-0.000191 0.000173 -0.000085 -0.000503 -0.023713 1.286067
0.000072 0.000314 0.000304 0.000541 -0.023788 1.288743
-0.000079 0.000572 0.001242 0.001237 -0.023764 1.287777
0.000394 0.000210 0.001660 0.001036 -0.023573 1.275996
-0.000417 0.000082 0.001439 0.000852 -0.023578 1.276719
-0.000757 0.000055 0.001719 0.001026 -0.023702 1.282569
0.000639 -0.000152 0.000848 0.000325 -0.023765 1.284226
0.004414 -0.000208 -0.001164 -0.002542 -0.024039 1.293546
0.004744 -0.000475 -0.002923 -0.004729 -0.023984 1.289463
-0.000301 0.000581 -0.004007 -0.004827 -0.023749 1.284666
-0.003369 0.000054 -0.004254 -0.005460 -0.023642 1.287480
-0.001859 0.000372 -0.000919 -0.001635 -0.023417 1.272310
0.000081 -0.000345 0.000520 -0.000314 -0.023467 1.269941
0.000567 -0.000516 0.001514 0.000285 -0.023661 1.279148
0.000769 -0.000657 0.000385 -0.000971 -0.023519 1.272295
0.000681 -0.000416 -0.000319 -0.002095 -0.023185 1.259013
0.000256 -0.000074 -0.000434 -0.001852 -0.023207 1.258278
-0.000220 0.000072 -0.000782 -0.002132 -0.023386 1.267833
0.000729 0.000015 0.000348 -0.000002 -0.023680 1.279204
0.001260 0.000414 -0.000084 -0.000359 -0.023422 1.265028
0.000795 0.000289 0.000128 -0.000164 -0.023263 1.260953
0.000554 0.000080 -0.000110 -0.001039 -0.023000 1.250196
0.000906 0.000044 -0.000126 -0.001320 -0.022328 1.216646
0.001002 -0.000107 -0.000204 -0.001637 -0.022618 1.231657
0.001475 -0.000297 -0.000607 -0.002502 -0.022759 1.238050
0.001105 -0.000276 0.000242 -0.000992 -0.022833 1.240720
0.000845 -0.000473 -0.000219 -0.002146 -0.022730 1.238733
0.000998 -0.000501 0.000598 -0.000838 -0.022878 1.244283
0.001198 -0.000302 0.000998 -0.000204 -0.022751 1.237809
0.000658 -0.000218 0.000048 -0.001265 -0.022948 1.252625
0.000250 -0.000186 0.000183 -0.000900 -0.022991 1.257258
0.000669 -0.000387 -0.000338 -0.002165 -0.023295 1.271794
0.000869 -0.000313 0.000064 -0.001337 -0.022856 1.249910
0.001332 0.000013 -0.000365 -0.001598 -0.022933 1.251174
0.000302 -0.000046 -0.000335 -0.001765 -0.023000 1.254727
-0.000758 -0.000128 -0.000230 -0.001548 -0.023068 1.258839
0.000599 -0.000258 0.000690 -0.000243 -0.023167 1.257106
0.002487 -0.000383 0.000557 -0.000789 -0.022842 1.237047
0.002316 -0.000265 -0.000162 -0.001740 -0.022476 1.221902
0.000682 -0.000654 -0.000432 -0.002704 -0.023168 1.262784
-0.000149 -0.000662 -0.000235 -0.002443 -0.022753 1.247990
0.000517 -0.000758 -0.000482 -0.003011 -0.022740 1.251050
0.000777 -0.000737 -0.000507 -0.002991 -0.022791 1.251037
0.001012 -0.000392 -0.000412 -0.002262 -0.023172 1.267388
0.000507 -0.000716 -0.000236 -0.002218 -0.023912 1.303863
0.000331 -0.000496 -0.000078 -0.001478 -0.024144 1.316891
0.000334 -0.000421 0.000301 -0.000716 -0.024010 1.315848
-0.000041 -0.000835 0.000338 -0.001117 -0.024181 1.328369
-0.000051 -0.000579 0.000797 -0.000255 -0.024192 1.325883
0.001321 -0.000739 0.000441 -0.000899 -0.024336 1.326818
0.002008 -0.000486 0.000137 -0.001096 -0.024118 1.309549
-0.000407 -0.000169 0.000194 -0.000248 -0.024101 1.312981
-0.000175 -0.000229 -0.000167 -0.001389 -0.023847 1.301647
0.002428 -0.000683 0.000392 -0.001293 -0.023486 1.289793
0.002368 -0.000507 0.000239 -0.001095 -0.024211 1.335181
0.001286 -0.000472 -0.000564 -0.002291 -0.024231 1.328367
0.001046 -0.000648 -0.000569 -0.002682 -0.023935 1.323966
0.001468 -0.000608 -0.000611 -0.002808 -0.023290 1.309653
0.000898 -0.000617 -0.000190 -0.002069 -0.023672 1.321705
0.000619 -0.000574 -0.000043 -0.001585 -0.024175 1.340658
0.001137 -0.000474 -0.000286 -0.002010 -0.023921 1.330273
0.001198 -0.000048 -0.000278 -0.001468 -0.023202 1.292860
0.000257 0.000099 0.000022 -0.000620 -0.023170 1.284443
-0.000127 0.000011 -0.000080 -0.000970 -0.023043 1.278221
0.000514 -0.000362 0.000583 -0.000709 -0.022515 1.250196
0.003417 -0.001043 0.001171 -0.000954 -0.022507 1.240063
0.002782 -0.000848 0.001178 -0.000590 -0.023273 1.280987
0.000664 -0.001331 -0.000087 -0.002637 -0.023713 1.311098
0.000569 -0.001052 0.001145 -0.000824 -0.023768 1.319524
0.001445 -0.001058 0.000588 -0.001186 -0.024217 1.331937
0.001463 -0.000908 -0.000193 -0.002327 -0.024048 1.319521
0.001111 -0.001034 0.000254 -0.001761 -0.023714 1.301511
0.001160 -0.001278 0.000215 -0.002140 -0.023596 1.300225
0.000049 -0.002269 0.000422 -0.002641 -0.023090 1.277794
-0.000247 -0.001159 -0.000237 -0.002863 -0.023407 1.294636
0.000884 -0.000020 0.000420 -0.000336 -0.022989 1.263189
0.000940 0.000471 0.000055 -0.000082 -0.023404 1.280604
0.000971 0.000308 0.000784 0.000628 -0.023440 1.277213
0.001155 0.000653 0.001789 0.001465 -0.023470 1.275113
0.002234 0.000406 0.001400 0.000700 -0.021843 1.179320
0.001164 -0.000234 0.000961 0.000011 -0.022603 1.224298
0.000730 -0.002068 -0.000141 -0.003457 -0.023323 1.266115
-0.000262 -0.002353 -0.000231 -0.003645 -0.023817 1.295644
-0.002621 -0.000841 -0.000703 -0.002507 -0.024571 1.334438
-0.002520 -0.000588 0.000695 0.000052 -0.024713 1.343918
-0.000678 -0.000752 0.000311 -0.000574 -0.025285 1.375050
0.000901 -0.000682 0.000697 -0.000192 -0.025612 1.392839
-0.000190 -0.000780 0.000052 -0.001171 -0.025064 1.362937
-0.000027 -0.000989 -0.000137 -0.001938 -0.025072 1.357975
0.000072 -0.000844 -0.000213 -0.002199 -0.024583 1.337072
0.001240 -0.000843 -0.000635 -0.003118 -0.022835 1.236817
0.000785 -0.000945 -0.000518 -0.002803 -0.024888 1.342706
-0.000837 -0.000880 -0.000083 -0.001661 -0.024775 1.336457
-0.000130 -0.000900 0.000298 -0.001337 -0.023302 1.263721
0.001891 -0.000802 0.000252 -0.001462 -0.023726 1.284030
0.000609 -0.000934 -0.000596 -0.002995 -0.024094 1.305557
0.003145 -0.000921 -0.001472 -0.004077 -0.023019 1.251729
0.004206 -0.001304 -0.001422 -0.004172 -0.023662 1.280770
0.000214 -0.001077 -0.000445 -0.002721 -0.024821 1.337187
-0.002452 -0.001743 -0.001596 -0.004305 -0.024526 1.329012
-0.001573 -0.001808 -0.001762 -0.004824 -0.024319 1.323324
0.002268 -0.001361 -0.000744 -0.003771 -0.022138 1.200374
0.002422 -0.001455 -0.000375 -0.003300 -0.021696 1.171290
-0.000127 -0.002024 0.000098 -0.002944 -0.021644 1.173673
0.000573 -0.001167 0.000556 -0.001617 -0.022519 1.224962
0.001343 -0.000768 0.000135 -0.001838 -0.022082 1.200118
0.001697 -0.000833 0.000090 -0.001996 -0.022353 1.214216
0.000581 -0.000931 0.000003 -0.002287 -0.021918 1.193430
0.000825 -0.000527 0.000197 -0.001542 -0.021440 1.166860
0.001385 -0.000309 -0.000321 -0.001910 -0.022887 1.245060
0.000882 -0.000183 0.000002 -0.001081 -0.023437 1.268454
0.000403 -0.000357 0.000097 -0.001014 -0.023365 1.265204
0.001275 -0.000041 0.001166 0.000622 -0.023740 1.278452
0.001546 -0.000089 0.001152 0.000470 -0.023439 1.262115
-0.001224 -0.000422 0.001123 0.000131 -0.023135 1.257378
-0.000076 -0.000308 0.000995 0.000192 -0.023347 1.265790
0.000996 -0.000404 0.000501 -0.000457 -0.023751 1.289213
0.000364 -0.000131 0.000069 -0.000602 -0.024084 1.305019
-0.000035 -0.000155 -0.000127 -0.000902 -0.024662 1.332808
-0.000284 -0.000092 0.000314 0.000238 -0.024666 1.331721
0.000757 -0.000135 0.000123 -0.000318 -0.024975 1.346937
0.000896 -0.000196 0.000548 0.000326 -0.025014 1.346320
0.000316 0.000025 0.000065 -0.000171 -0.024621 1.328504
0.000368 0.000018 0.000373 0.000401 -0.024582 1.327959
0.000504 0.000585 0.000324 0.000996 -0.024443 1.324075
0.000220 0.000089 -0.000226 -0.000845 -0.024397 1.321014
0.002025 0.000146 -0.000615 -0.001409 -0.024212 1.318557
0.002106 0.000480 -0.000366 -0.000582 -0.024109 1.307903
0.000814 0.000197 -0.000754 -0.001656 -0.024614 1.336660
0.000142 0.000112 -0.000930 -0.001964 -0.024834 1.344270
0.000652 -0.000234 -0.001039 -0.002691 -0.024306 1.322787
0.001956 -0.000029 -0.000926 -0.002179 -0.024227 1.320006
