0.005137 0.000298 -0.000954 -0.001893 -0.018345 0.957890
0.000714 -0.000170 0.000893 -0.000573 -0.018296 0.965288
-0.003851 -0.000699 -0.000051 -0.001861 -0.018102 0.967264
-0.005575 -0.000744 -0.000677 -0.002473 -0.017960 0.961460
0.000619 -0.000908 0.002004 -0.000667 -0.017618 0.928613
0.002817 -0.001149 0.002091 -0.000862 -0.017598 0.920207
0.003039 -0.000890 0.000379 -0.001695 -0.017683 0.923076
0.000367 -0.000689 -0.000209 -0.002382 -0.017698 0.928252
-0.001629 -0.000785 -0.000652 -0.002868 -0.017628 0.928622
-0.002726 -0.000478 -0.000461 -0.002003 -0.017732 0.937104
-0.000995 -0.000456 -0.000258 -0.001885 -0.017743 0.935675
-0.000471 -0.000408 0.000169 -0.001140 -0.017889 0.941085
-0.000036 -0.000543 -0.000543 -0.002493 -0.017481 0.913899
0.001065 -0.000325 -0.000393 -0.001683 -0.017271 0.899320
0.001412 -0.001000 0.000061 -0.002136 -0.017529 0.916406
0.000847 -0.001188 0.000470 -0.001735 -0.017442 0.912784
0.000233 -0.001227 -0.000406 -0.003249 -0.017454 0.913553
0.000317 -0.001303 -0.001183 -0.004143 -0.017292 0.903417
-0.000396 -0.001635 -0.001540 -0.004974 -0.017139 0.896820
-0.000982 -0.000929 -0.000786 -0.003042 -0.017043 0.890782
-0.001387 -0.000861 -0.001626 -0.003948 -0.017382 0.912365
-0.000631 -0.000667 -0.001112 -0.003128 -0.017152 0.895027
0.000132 -0.000913 -0.000112 -0.002097 -0.017148 0.893775
0.000188 -0.000961 -0.000474 -0.002732 -0.016869 0.877268
-0.000303 -0.000512 -0.000746 -0.002353 -0.016667 0.861962
-0.001886 -0.000738 -0.000793 -0.002248 -0.016257 0.833484
-0.002712 -0.000556 0.000440 -0.001268 -0.016307 0.840281
-0.000945 -0.000311 -0.000306 -0.001582 -0.016281 0.836315
0.001130 -0.000993 -0.000682 -0.002732 -0.016377 0.838763
0.002739 -0.000811 -0.001502 -0.003093 -0.016176 0.815719
0.001782 -0.000710 -0.000536 -0.002067 -0.015991 0.799596
0.000579 -0.000887 -0.000608 -0.002359 -0.016006 0.804186
0.000913 -0.001265 -0.000630 -0.002596 -0.015795 0.783486
0.001142 -0.001992 -0.000808 -0.003347 -0.015625 0.767060
0.000204 -0.001357 -0.000794 -0.002657 -0.015340 0.741017
-0.000846 -0.001807 -0.000502 -0.002754 -0.015400 0.748730
-0.002418 -0.001876 -0.000808 -0.002908 -0.015431 0.755520
-0.001227 -0.001307 -0.001981 -0.003604 -0.015327 0.744869
0.000075 -0.001134 -0.001962 -0.003372 -0.015294 0.738703
0.001188 -0.000887 -0.003173 -0.004479 -0.015127 0.725928
0.001009 -0.001094 -0.002476 -0.003523 -0.014905 0.706600
-0.000925 -0.000736 -0.001660 -0.002392 -0.014717 0.692530
-0.002010 -0.000394 -0.002740 -0.002489 -0.014559 0.679269
-0.000638 0.000211 -0.002656 -0.001991 -0.014588 0.680519
0.002215 0.001048 -0.002942 -0.001393 -0.014755 0.692585
0.002999 0.001717 -0.002055 -0.000272 -0.014479 0.668201
0.001783 0.002312 -0.000838 0.001422 -0.014097 0.632719
-0.000575 0.003639 -0.001559 0.002208 -0.013889 0.617341
-0.002762 0.003930 -0.005016 -0.000545 -0.014069 0.639364
-0.003538 0.003989 -0.005277 -0.000708 -0.014038 0.638056
-0.001007 0.004591 -0.004613 0.000172 -0.013814 0.609475
-0.000413 0.005672 -0.003771 0.001734 -0.013741 0.603323
-0.002139 0.006730 -0.004159 0.002250 -0.013634 0.589169
-0.001295 0.007968 -0.004325 0.003358 -0.013529 0.573266
0.000080 0.008454 -0.003080 0.005887 -0.013361 0.524909
-0.000363 0.009169 -0.003380 0.006079 -0.013319 0.518406
-0.000200 0.009207 -0.003481 0.006320 -0.013284 0.484892
0.001670 0.009611 -0.003555 0.007243 -0.013298 0.454337
0.002041 0.009847 -0.001282 0.011080 -0.013256 0.439663
-0.000206 0.009713 -0.000216 0.012854 -0.013217 0.402157
-0.001554 0.010571 0.000185 0.014713 -0.013172 0.381078
-0.001468 0.010895 -0.001799 0.011861 -0.013220 0.384600
-0.001123 0.012209 -0.002742 0.011667 -0.013174 0.371755
-0.000303 0.013002 -0.003449 0.011886 -0.013163 0.331906
-0.000613 0.013726 -0.002661 0.014093 -0.013094 0.312354
-0.000686 0.013253 0.000735 0.019333 -0.013033 0.307146
0.001515 0.015994 0.001761 0.023731 -0.012955 0.300778
0.003568 0.015491 0.002078 0.023032 -0.013071 0.320094
0.002264 0.016643 0.000059 0.020873 -0.013054 0.306376
0.000646 0.021320 -0.000709 0.023345 -0.012892 0.284295
0.000109 0.021089 -0.000721 0.023017 -0.012882 0.283085
0.000141 0.020991 -0.000444 0.023375 -0.012906 0.293288
-0.000039 0.021432 0.000067 0.024970 -0.012842 0.258917
-0.001002 0.022730 0.000083 0.025916 -0.012768 0.285689
-0.000324 0.023815 -0.000719 0.025793 -0.012743 0.266400
0.000282 0.025815 -0.001712 0.025587 -0.012759 0.292450
0.000114 0.027749 -0.001234 0.028237 -0.012665 0.288097
-0.000949 0.029470 -0.001497 0.029293 -0.012619 0.288347
-0.001307 0.031313 -0.002698 0.028910 -0.012611 0.276752
-0.001328 0.033725 -0.001860 0.032640 -0.012466 0.276268
-0.001239 0.034807 -0.000730 0.035495 -0.012371 0.274585
-0.000712 0.035884 0.001594 0.041097 -0.012189 0.288837
-0.000406 0.037744 0.002458 0.044548 -0.012045 0.288187
0.000950 0.039762 0.001881 0.045377 -0.012037 0.276501
0.001857 0.041745 0.000204 0.043945 -0.012043 0.265706
0.001215 0.043389 -0.000285 0.044514 -0.011982 0.263255
0.000619 0.046857 -0.001866 0.044382 -0.011835 0.280053
0.000022 0.049422 -0.003490 0.043286 -0.011759 0.302413
-0.000125 0.051848 -0.003640 0.044819 -0.011627 0.330219
-0.000320 0.052963 -0.000624 0.050770 -0.011444 0.366171
-0.001836 0.055726 0.000642 0.055086 -0.011259 0.398149
-0.001449 0.055959 0.000328 0.054479 -0.011314 0.408362
-0.001689 0.056986 -0.000772 0.053319 -0.011415 0.433784
-0.001320 0.056418 -0.000169 0.053886 -0.011435 0.441575
-0.002463 0.055457 -0.000357 0.052496 -0.011503 0.463532
-0.003502 0.054122 -0.001013 0.050070 -0.011609 0.465149
-0.003904 0.052478 -0.001762 0.047381 -0.011677 0.464373
-0.003217 0.052417 -0.002325 0.046265 -0.011669 0.469747
-0.000519 0.051286 0.000818 0.050670 -0.011596 0.501970
-0.000881 0.046629 0.006616 0.056448 -0.011624 0.539859
-0.002739 0.041806 0.007205 0.052714 -0.012000 0.576471
0.000424 0.040633 0.005560 0.049113 -0.012102 0.565669
0.001748 0.036847 0.000640 0.037204 -0.012509 0.539589
0.001607 0.031706 0.004714 0.039708 -0.012664 0.578767
-0.001101 0.028346 0.002784 0.033197 -0.012960 0.602641
-0.001311 0.024258 0.002744 0.029108 -0.013416 0.652546
-0.000580 0.021063 0.000992 0.023828 -0.013384 0.622261
0.001976 0.017331 0.000405 0.019308 -0.013707 0.648840
0.000084 0.015119 -0.001147 0.014135 -0.013910 0.652668
0.001633 0.013957 -0.000535 0.014133 -0.013955 0.657800
0.003302 0.010032 0.002970 0.016588 -0.014065 0.675246
0.001961 0.006913 0.002729 0.012700 -0.014164 0.671552
-0.000180 0.003891 -0.000390 0.003522 -0.014384 0.662253
-0.002318 0.002784 -0.003016 -0.000238 -0.014624 0.677993
-0.006830 0.001054 -0.003300 -0.001740 -0.014988 0.708686
-0.005824 0.000279 -0.000209 -0.000743 -0.015128 0.725297
-0.002008 0.000222 0.001791 0.000112 -0.015082 0.720246
0.003225 0.000329 0.001533 0.000118 -0.015248 0.724991
0.007890 -0.000768 0.000040 -0.001649 -0.015748 0.759422
0.008160 -0.001919 -0.000116 -0.002451 -0.015615 0.745992
0.000630 -0.001441 0.000090 -0.002134 -0.015291 0.730410
-0.004591 -0.002227 -0.001374 -0.003778 -0.015449 0.750629
-0.006587 -0.003026 -0.001612 -0.005650 -0.015747 0.785218
-0.000857 -0.001947 -0.001103 -0.003616 -0.015523 0.756740
0.005975 -0.002740 0.005569 -0.000293 -0.015681 0.751378
0.006274 -0.003470 0.000963 -0.002826 -0.015585 0.745628
0.000771 -0.002715 -0.004577 -0.012324 -0.015080 0.725838
-0.003392 -0.004441 -0.003868 -0.013980 -0.015527 0.770661
-0.002962 -0.004505 0.003078 -0.002368 -0.015773 0.782916
0.002182 -0.003067 0.003570 -0.001485 -0.015651 0.758799
0.005225 -0.002621 -0.000273 -0.003075 -0.015660 0.754045
0.001095 -0.002992 -0.002769 -0.008910 -0.015406 0.746768
0.000003 -0.002873 -0.000295 -0.003501 -0.015459 0.745903
-0.002661 -0.002721 0.003573 -0.001185 -0.015594 0.757454
0.001379 -0.002371 0.003589 -0.001057 -0.015577 0.750642
0.001526 -0.002344 0.002565 -0.001552 -0.015665 0.758277
0.000479 -0.001312 0.000969 -0.001616 -0.015644 0.756212
-0.000906 -0.002350 0.001707 -0.001969 -0.015651 0.759559
-0.000625 -0.002703 0.001992 -0.002067 -0.015711 0.765055
0.000370 -0.001497 -0.001113 -0.003124 -0.015672 0.762513
0.001777 -0.001545 -0.001734 -0.004142 -0.015824 0.775953
0.000532 -0.001729 0.002003 -0.001448 -0.015885 0.780611
-0.000113 -0.001385 -0.000760 -0.002820 -0.015802 0.777484
0.000416 -0.001178 -0.000576 -0.002536 -0.015744 0.771614
0.000282 -0.001854 -0.000914 -0.003591 -0.015795 0.779104
0.002060 -0.002662 -0.000040 -0.003024 -0.015774 0.775495
0.003650 -0.003000 0.000143 -0.003110 -0.015774 0.772852
0.002256 -0.002971 0.001036 -0.002631 -0.015874 0.787117
0.001859 -0.002973 -0.003419 -0.010454 -0.015563 0.771017
-0.000928 -0.003085 -0.001910 -0.007370 -0.015552 0.774844
0.000975 -0.003487 0.002088 -0.002305 -0.015832 0.792062
0.001186 -0.004382 -0.000561 -0.006269 -0.016294 0.834292
0.000647 -0.004162 -0.002277 -0.010129 -0.016109 0.821954
-0.001948 -0.004178 -0.000455 -0.005458 -0.015959 0.811910
0.000123 -0.004685 0.000615 -0.004019 -0.016308 0.834680
0.003240 -0.005352 -0.002024 -0.010986 -0.016146 0.821235
0.008011 -0.006389 -0.001084 -0.009241 -0.016002 0.795498
0.004247 -0.007622 -0.001336 -0.012008 -0.015931 0.805390
0.002164 -0.006894 -0.002886 -0.015110 -0.015888 0.809361
-0.002226 -0.007659 -0.003150 -0.016674 -0.015647 0.802010
-0.001468 -0.007463 -0.000136 -0.008593 -0.015855 0.813969
-0.003338 -0.007130 -0.000449 -0.008738 -0.016313 0.854760
-0.005872 -0.007345 -0.001940 -0.012814 -0.015996 0.838035
-0.007593 -0.007508 -0.003400 -0.016274 -0.015993 0.840217
-0.002236 -0.006358 -0.000415 -0.008052 -0.016221 0.842818
0.002102 -0.006051 -0.000065 -0.007068 -0.016493 0.852757
0.006425 -0.004716 0.000539 -0.004618 -0.016785 0.858940
0.002921 -0.004057 -0.000886 -0.006559 -0.016153 0.818233
0.002605 -0.004049 -0.000724 -0.006101 -0.015753 0.780798
-0.000638 -0.004431 -0.001612 -0.009446 -0.015673 0.785381
-0.001886 -0.004418 0.002483 -0.002655 -0.015738 0.783841
-0.006584 -0.004065 -0.000640 -0.004962 -0.015564 0.776916
-0.006405 -0.003606 -0.002795 -0.009623 -0.015584 0.783982
-0.003539 -0.002792 -0.003486 -0.009943 -0.015380 0.757646
0.000208 -0.001845 -0.001345 -0.003855 -0.015338 0.744043
0.001867 -0.000521 -0.001296 -0.002112 -0.015047 0.717988
0.003597 -0.000628 -0.002087 -0.002685 -0.015315 0.737646
0.003891 -0.001132 -0.001268 -0.002339 -0.014953 0.709119
0.005392 -0.001613 -0.000484 -0.002148 -0.014789 0.693908
0.001750 -0.001210 0.000629 -0.001336 -0.014520 0.670070
-0.000710 -0.001570 -0.002090 -0.003635 -0.014475 0.671201
-0.002692 -0.000988 -0.001150 -0.002214 -0.014655 0.685596
-0.002265 -0.000400 -0.000476 -0.001356 -0.014554 0.676848
-0.000507 0.000279 0.000392 -0.000134 -0.014313 0.651799
-0.000209 0.000686 -0.000200 -0.000196 -0.014371 0.659887
0.000857 0.001060 -0.000926 -0.000165 -0.014250 0.647548
0.002397 0.001638 -0.000234 0.001244 -0.014208 0.637447
0.003928 0.001479 0.002143 0.004078 -0.014085 0.612875
0.000521 0.001296 0.001877 0.003537 -0.013930 0.603830
-0.001337 0.002014 -0.000743 0.001368 -0.013821 0.584396
-0.002980 0.002532 -0.000698 0.002076 -0.013800 0.588410
-0.003548 0.002010 0.000358 0.002800 -0.013880 0.601389
0.000045 0.002202 0.003428 0.006968 -0.013758 0.582070
0.002220 0.002095 0.002959 0.006136 -0.013866 0.588987
0.002397 0.002807 0.003005 0.007696 -0.013766 0.574115
0.001326 0.001496 0.000059 0.001937 -0.013857 0.566169
0.002171 0.000786 0.000065 0.000866 -0.013878 0.563853
-0.000983 0.001028 0.001172 0.002084 -0.013847 0.585760
-0.000647 -0.000018 0.004432 0.004024 -0.013880 0.578724
-0.001167 -0.001544 0.003318 0.000260 -0.014038 0.598824
-0.000027 -0.001610 0.001962 -0.000464 -0.014038 0.594659
-0.000318 -0.004225 -0.001499 -0.007391 -0.013984 0.613932
0.000437 -0.006551 -0.000336 -0.008088 -0.014054 0.621752
-0.000589 -0.008072 0.001208 -0.006520 -0.014088 0.619977
-0.000093 -0.009513 -0.001312 -0.014520 -0.013982 0.623799
-0.001456 -0.010416 0.000797 -0.009873 -0.014155 0.641136
-0.000778 -0.010914 -0.002475 -0.018906 -0.014134 0.655759
-0.000109 -0.010801 -0.000203 -0.012861 -0.014274 0.659227
0.002495 -0.011593 -0.003259 -0.021122 -0.014310 0.670083
0.001379 -0.010527 -0.002057 -0.017291 -0.014319 0.669739
0.001897 -0.011756 -0.002391 -0.019250 -0.014095 0.648621
0.001517 -0.012228 0.000010 -0.013876 -0.014400 0.669908
-0.000105 -0.011956 -0.001675 -0.018037 -0.014479 0.684977
0.000161 -0.012073 -0.000318 -0.014571 -0.014545 0.685415
-0.000457 -0.011885 -0.002521 -0.019993 -0.014743 0.712778
-0.005168 -0.013338 0.000095 -0.013967 -0.015307 0.766313
-0.005784 -0.012745 0.002322 -0.008647 -0.015275 0.751628
-0.003266 -0.012230 0.001739 -0.009328 -0.015410 0.770139
-0.003234 -0.011079 0.000422 -0.011070 -0.015499 0.782632
-0.000178 -0.010204 0.004688 -0.004013 -0.015732 0.792859
-0.002843 -0.008364 0.004465 -0.003367 -0.015812 0.805256
-0.005611 -0.008345 0.005243 -0.002809 -0.016019 0.827937
-0.002233 -0.008168 0.004215 -0.003418 -0.015748 0.789635
0.001439 -0.008587 0.001421 -0.006698 -0.016122 0.819264
0.007901 -0.007722 0.002645 -0.004457 -0.015822 0.765243
0.006314 -0.007877 0.004171 -0.003558 -0.015562 0.742199
0.001425 -0.005699 -0.001791 -0.011417 -0.015688 0.780169
-0.001148 -0.005876 -0.005014 -0.019029 -0.015723 0.797930
0.001055 -0.004482 -0.004080 -0.014847 -0.015611 0.776807
0.002932 -0.003660 -0.000625 -0.005153 -0.015620 0.757584
0.002888 -0.004003 -0.002415 -0.009943 -0.015420 0.749175
0.001637 -0.003491 -0.002262 -0.008820 -0.015303 0.740580
-0.001870 -0.004188 -0.001373 -0.007673 -0.015103 0.729398
-0.002580 -0.003717 -0.000104 -0.003881 -0.015146 0.730137
-0.002379 -0.003123 -0.001110 -0.004779 -0.015049 0.723797
-0.000843 -0.003765 -0.001507 -0.007798 -0.015238 0.742665
0.001394 -0.002811 -0.002013 -0.006518 -0.014865 0.707946
0.001314 -0.001957 -0.000216 -0.002615 -0.014966 0.711686
-0.000341 -0.002050 0.000130 -0.002404 -0.014793 0.700469
0.000177 -0.000928 0.000005 -0.001625 -0.014605 0.684070
-0.000166 -0.001495 -0.001481 -0.002746 -0.014500 0.675855
0.000369 -0.001200 0.000102 -0.001665 -0.014486 0.672997
0.001938 -0.001911 -0.000558 -0.002404 -0.014372 0.660686
0.001838 -0.002119 0.001990 -0.001124 -0.014325 0.652951
0.000574 -0.002836 0.000686 -0.002066 -0.014170 0.634724
0.000135 -0.003167 0.001634 -0.001653 -0.014179 0.633104
0.000283 -0.003621 0.001077 -0.002021 -0.014033 0.606854
0.000516 -0.003307 0.000373 -0.002347 -0.013973 0.592385
0.000083 -0.004162 0.000049 -0.003840 -0.013997 0.607549
0.000433 -0.004151 0.000622 -0.002975 -0.014021 0.596086
0.001144 -0.004542 -0.000804 -0.006295 -0.013929 0.582868
0.001565 -0.004715 0.001642 -0.002331 -0.014098 0.593926
0.003091 -0.005571 -0.001732 -0.009227 -0.014002 0.597318
0.005235 -0.007034 -0.003074 -0.014139 -0.014050 0.606629
0.005181 -0.006868 -0.004325 -0.016941 -0.014031 0.621961
0.004276 -0.007032 -0.004265 -0.016767 -0.013802 0.573714
0.003105 -0.008190 -0.003860 -0.017823 -0.013823 0.574746
-0.002102 -0.007703 -0.004160 -0.018803 -0.013840 0.612910
-0.005349 -0.007879 -0.005599 -0.022028 -0.014017 0.638783
-0.007140 -0.008182 -0.005046 -0.020515 -0.014303 0.668976
-0.006302 -0.008061 -0.005058 -0.020388 -0.014523 0.693540
-0.003926 -0.008364 -0.002238 -0.014520 -0.014564 0.694122
0.001493 -0.008025 -0.004465 -0.019700 -0.014554 0.694648
0.002714 -0.007573 -0.003289 -0.016307 -0.014651 0.696273
0.002515 -0.007671 -0.003135 -0.016182 -0.014746 0.704668
0.000902 -0.007630 -0.002048 -0.014049 -0.014978 0.726343
-0.000951 -0.008396 -0.002558 -0.016399 -0.015159 0.750060
-0.001392 -0.008504 -0.004777 -0.021552 -0.015140 0.757119
-0.002657 -0.009983 -0.000408 -0.012021 -0.015380 0.775838
-0.002385 -0.010361 0.000114 -0.011102 -0.015435 0.783654
-0.000004 -0.010526 -0.000356 -0.013032 -0.015512 0.787558
-0.000202 -0.009740 -0.003209 -0.019521 -0.015591 0.799110
0.000349 -0.009772 -0.000629 -0.013243 -0.015621 0.796935
-0.000279 -0.009019 -0.000983 -0.013394 -0.015793 0.814730
-0.000895 -0.007220 0.000193 -0.007415 -0.016087 0.834149
-0.000668 -0.004883 0.001225 -0.003455 -0.016025 0.822501
-0.000273 -0.005492 0.002959 -0.002891 -0.016076 0.827246
-0.000362 -0.004404 0.004206 -0.001748 -0.016351 0.849046
-0.001786 -0.004128 0.005491 -0.000898 -0.016564 0.869511
-0.002806 -0.004830 0.003729 -0.002031 -0.016558 0.874160
-0.002809 -0.004819 0.003758 -0.002033 -0.016560 0.874973
-0.001585 -0.005509 -0.000185 -0.006571 -0.016898 0.899039
0.001157 -0.004251 -0.000148 -0.005493 -0.017354 0.920123
0.001080 -0.005331 -0.003646 -0.014718 -0.017184 0.917285
-0.001212 -0.004464 -0.003820 -0.013904 -0.017007 0.911140
-0.004806 -0.004306 -0.000223 -0.004899 -0.016960 0.908024
-0.006433 -0.006524 -0.001896 -0.011366 -0.016777 0.900545
-0.006486 -0.006896 -0.000505 -0.008103 -0.017349 0.940758
-0.003161 -0.006692 0.001168 -0.004740 -0.017337 0.927023
0.001577 -0.006672 0.003542 -0.002854 -0.017309 0.913257
0.005650 -0.006124 0.006550 -0.001291 -0.017098 0.889470
0.007398 -0.006682 0.004770 -0.002485 -0.016680 0.856360
0.003175 -0.007233 0.002043 -0.004324 -0.016771 0.873193
-0.003224 -0.007301 0.001059 -0.005486 -0.016626 0.880026
-0.002311 -0.007331 0.002829 -0.003484 -0.017136 0.911469
0.000796 -0.006315 0.003026 -0.002983 -0.017481 0.924826
0.004967 -0.005128 0.002060 -0.003075 -0.017591 0.922308
0.001329 -0.003820 -0.000162 -0.005368 -0.017829 0.945445
-0.000889 -0.002730 0.001661 -0.002143 -0.017997 0.960569
-0.003549 -0.001870 0.001495 -0.001695 -0.018028 0.969111
-0.001918 -0.000850 0.001299 -0.001111 -0.018007 0.963149
-0.002275 -0.000322 0.001273 -0.000651 -0.017952 0.961871
-0.000670 0.000152 -0.000143 -0.001336 -0.018128 0.969917
-0.000438 0.000407 -0.000864 -0.002279 -0.018589 0.996739
0.001425 0.000877 -0.000684 -0.001341 -0.018986 1.016238
0.001369 0.002045 -0.002719 -0.002029 -0.018695 0.996291
0.001914 0.002603 -0.002468 -0.000781 -0.018125 0.959169
0.000048 0.003081 -0.003208 -0.001267 -0.018400 0.980557
0.000079 0.003566 -0.001483 0.000599 -0.018403 0.976643
-0.001026 0.003720 -0.000282 0.001935 -0.018103 0.961580
-0.002118 0.003482 -0.000431 0.001720 -0.017877 0.949998
-0.000638 0.004471 0.002238 0.007786 -0.017631 0.942951
0.004973 0.004486 -0.001252 0.001607 -0.017514 0.908736
0.007567 0.005137 -0.003330 0.000728 -0.017706 0.912331
0.005752 0.005470 -0.002191 0.001565 -0.017434 0.900731
-0.003529 0.004428 -0.001629 0.001082 -0.016896 0.889011
-0.004837 0.004809 -0.002453 0.000775 -0.017174 0.908452
-0.004282 0.004384 -0.001891 0.000937 -0.017239 0.910805
0.000252 0.004597 0.000160 0.004145 -0.017179 0.901634
-0.000192 0.004114 0.001135 0.005437 -0.017287 0.912259
0.002688 0.005329 0.002578 0.009558 -0.016909 0.891439
0.002167 0.005913 0.002327 0.010031 -0.016994 0.898064
0.003218 0.006350 0.001926 0.009685 -0.017129 0.905294
0.000056 0.006001 0.000012 0.005201 -0.017395 0.919322
0.000077 0.006189 -0.000935 0.003313 -0.017475 0.922309
0.000078 0.007886 0.000352 0.008202 -0.017495 0.936248
0.000856 0.008902 -0.001717 0.004916 -0.017580 0.929790
0.004872 0.010659 -0.002307 0.005505 -0.017929 0.945251
0.004187 0.009970 -0.001862 0.006157 -0.017212 0.903284
0.002316 0.009774 0.000088 0.009804 -0.017149 0.912475
-0.008669 0.008591 -0.002510 0.003237 -0.017090 0.923454
-0.010094 0.007370 -0.003081 0.001687 -0.017473 0.948995
-0.005390 0.008054 -0.000003 0.007898 -0.017535 0.951500
-0.002376 0.008462 -0.002402 0.003597 -0.017757 0.946622
0.002551 0.010986 0.001327 0.013904 -0.017732 0.952876
0.004268 0.009623 0.003565 0.016238 -0.017859 0.960401
0.010414 0.009179 0.001213 0.011375 -0.017651 0.920976
0.003349 0.009688 0.002216 0.014275 -0.017169 0.914506
-0.003456 0.008488 0.001678 0.011899 -0.017474 0.945033
-0.004073 0.008736 0.003055 0.014878 -0.016915 0.918248
-0.000432 0.007719 -0.000181 0.007119 -0.017388 0.919197
0.000557 0.007783 -0.001266 0.004766 -0.017410 0.916133
0.000307 0.006995 0.003199 0.012847 -0.017320 0.931428
-0.003615 0.005620 0.002779 0.010379 -0.017140 0.926067
-0.002423 0.005425 -0.000402 0.003848 -0.017120 0.906750
-0.002077 0.003950 -0.001843 0.000773 -0.017253 0.908921
0.002441 0.005379 -0.000915 0.003015 -0.017390 0.907388
0.004061 0.004841 0.000487 0.004912 -0.017264 0.901797
0.005688 0.004340 -0.000373 0.002556 -0.017233 0.892018
0.001528 0.003177 -0.001563 0.000623 -0.016826 0.871845
-0.005160 0.002274 0.000221 0.000927 -0.016510 0.865836
-0.006987 0.001791 0.001854 0.002081 -0.016842 0.898588
-0.002980 0.002846 0.002678 0.005425 -0.017114 0.911566
0.001047 0.003804 0.002890 0.007717 -0.016269 0.848983
0.002970 0.003112 0.000100 0.001867 -0.015940 0.795064
0.005850 0.002592 -0.001985 0.000035 -0.016151 0.811868
0.007214 0.002712 -0.000847 0.000651 -0.015979 0.789881
0.003076 0.002451 0.002059 0.003528 -0.015643 0.769301
-0.008495 0.002624 -0.001381 -0.000116 -0.015677 0.794885
-0.011966 0.001058 -0.003264 -0.002202 -0.015931 0.833868
-0.007835 0.001658 -0.003791 -0.001802 -0.015591 0.786841
0.001694 0.002241 -0.000619 0.000506 -0.015586 0.758021
0.004056 0.003886 0.001909 0.006292 -0.015072 0.725410
0.002495 0.003266 0.001376 0.004758 -0.014884 0.709750
-0.001293 0.002910 0.000049 0.002174 -0.014917 0.714221
-0.000970 0.002494 -0.000004 0.001810 -0.014794 0.702147
-0.000479 0.002682 0.000297 0.002547 -0.014764 0.701221
0.001027 0.005353 0.001609 0.008266 -0.014555 0.698601
0.002093 0.006592 0.000699 0.008225 -0.014610 0.703093
0.001926 0.006040 -0.000365 0.005458 -0.014751 0.706182
0.001913 0.005861 -0.000510 0.005259 -0.014685 0.700073
0.001959 0.006136 -0.000392 0.005964 -0.014526 0.688272
0.003009 0.006593 -0.000153 0.006820 -0.014633 0.698849
0.002775 0.007091 0.000135 0.007973 -0.014645 0.703904
0.001219 0.007772 -0.002265 0.004201 -0.014754 0.703972
-0.000647 0.008162 -0.003609 0.002335 -0.014823 0.705273
-0.000603 0.006867 -0.003129 0.001789 -0.014908 0.713083
0.000428 0.006190 -0.000828 0.004311 -0.014913 0.719412
0.002354 0.007947 -0.001904 0.004734 -0.014941 0.721407
0.003029 0.009067 -0.002903 0.004660 -0.014839 0.711024
0.001842 0.008312 -0.001931 0.004936 -0.015098 0.731115
0.001233 0.008125 -0.000991 0.006324 -0.015164 0.741854
0.001509 0.008036 -0.000462 0.007162 -0.015478 0.771952
0.000777 0.008230 -0.000406 0.007311 -0.015454 0.770472
0.000674 0.007947 0.002279 0.012440 -0.015026 0.748117
-0.000851 0.007804 0.001166 0.010326 -0.015325 0.775040
-0.002534 0.007685 0.001096 0.009840 -0.015408 0.786786
-0.003027 0.007522 -0.000570 0.006148 -0.015634 0.794944
-0.003758 0.007448 0.000590 0.008811 -0.015670 0.808428
-0.002013 0.007102 0.001942 0.010989 -0.015609 0.807067
-0.005517 0.004991 -0.001215 0.001918 -0.015684 0.790363
-0.004300 0.005249 -0.000670 0.003374 -0.016308 0.843423
0.000707 0.005118 0.001870 0.008408 -0.016430 0.861225
0.007900 0.004689 0.002368 0.007819 -0.016639 0.860695
0.010422 0.004358 0.002825 0.007349 -0.016739 0.861497
0.006976 0.005260 0.003659 0.010762 -0.016522 0.860228
-0.002661 0.004776 0.002049 0.007988 -0.016495 0.871688
-0.005258 0.004365 0.001269 0.005726 -0.016816 0.891149
-0.003928 0.004219 -0.000103 0.003231 -0.017043 0.897044
0.004714 0.004493 -0.001618 0.001459 -0.017805 0.922229
0.006375 0.004241 -0.001432 0.001270 -0.018476 0.962441
0.001574 0.004275 -0.001275 0.001465 -0.017708 0.924203
-0.005244 0.004174 -0.003329 0.000385 -0.017030 0.897151
-0.003223 0.004529 -0.002362 0.001110 -0.017315 0.908446
0.001032 0.005161 -0.000396 0.003791 -0.017849 0.936425
0.002911 0.005012 0.000042 0.004332 -0.018506 0.974995
0.000887 0.005246 0.001384 0.007511 -0.018311 0.972091
0.000465 0.004046 0.001084 0.005394 -0.017783 0.939642
-0.000030 0.003465 -0.000142 0.002135 -0.017835 0.937750
-0.000301 0.002528 0.000208 0.001822 -0.017661 0.929648
-0.000196 0.002179 0.000141 0.001463 -0.018178 0.956091
-0.001333 0.002118 -0.000564 0.000771 -0.017782 0.936303
-0.001531 0.002180 -0.000352 0.000946 -0.017594 0.925475
-0.000589 0.001446 -0.001690 -0.000817 -0.017956 0.945376
0.002242 0.000977 -0.001218 -0.001054 -0.018312 0.959015
0.001062 0.001239 -0.000532 -0.000036 -0.018086 0.947941
0.000138 0.001575 -0.000061 0.000601 -0.017952 0.943409
-0.000311 0.001627 -0.000169 0.000543 -0.017866 0.940461
-0.004205 0.001368 0.000157 0.000641 -0.017603 0.931657
0.000050 0.001335 0.000437 0.000841 -0.018135 0.952366
0.000779 0.001445 -0.000635 0.000071 -0.017876 0.936725
0.006986 0.001705 0.000961 0.001077 -0.018242 0.946487
0.001629 0.001954 -0.000225 0.000802 -0.018021 0.944780
0.000871 0.002894 -0.000894 0.000819 -0.018318 0.964084
-0.003905 0.002216 -0.001382 0.000183 -0.017779 0.942897
-0.005211 0.002120 -0.000549 0.000626 -0.018162 0.966278
-0.002986 0.002158 -0.000212 0.000928 -0.018108 0.960738
0.000331 0.002865 -0.001596 0.000460 -0.018136 0.953906
0.000988 0.002949 -0.000448 0.001253 -0.018250 0.959342
0.000459 0.002922 -0.000358 0.001259 -0.018000 0.947595
-0.000592 0.003107 -0.000826 0.000966 -0.018055 0.953029
-0.000523 0.003366 -0.000041 0.002218 -0.017760 0.936278
-0.000345 0.003336 -0.000378 0.001742 -0.017509 0.919885
0.000471 0.003507 -0.000967 0.001261 -0.018234 0.955910
0.000549 0.003860 -0.001760 0.000940 -0.018316 0.961671
-0.000891 0.003743 -0.001842 0.000828 -0.017892 0.940648
0.000015 0.004141 -0.002727 0.000689 -0.017753 0.927968
0.003354 0.003676 -0.003442 -0.000112 -0.017759 0.922321
0.004376 0.003011 -0.001979 0.000493 -0.017406 0.899486
0.001717 0.003708 -0.001363 0.001126 -0.017248 0.897432
-0.002512 0.002992 -0.001880 0.000329 -0.017422 0.917760
-0.002853 0.003384 -0.000194 0.002041 -0.017438 0.921758
-0.002687 0.002929 -0.000329 0.001450 -0.017167 0.901910
-0.000347 0.004136 0.000268 0.004010 -0.016824 0.879847
-0.000156 0.004226 0.000352 0.004556 -0.017363 0.910600
0.001631 0.004954 -0.000139 0.004285 -0.017790 0.930084
0.002413 0.005185 0.000313 0.005533 -0.017186 0.898191
-0.003134 0.004859 0.005176 0.013377 -0.016747 0.910357
-0.004631 0.003432 -0.000240 0.002049 -0.017079 0.905513
0.001275 0.005283 0.000860 0.006868 -0.017282 0.911246
0.011946 0.003810 0.002118 0.005156 -0.016970 0.870971
0.011134 0.005004 0.001630 0.006610 -0.016940 0.870205
0.003070 0.005206 -0.002084 0.001531 -0.016614 0.854698
-0.006103 0.005697 -0.003903 0.000566 -0.016074 0.832132
-0.006919 0.004567 -0.002689 0.000642 -0.016827 0.891956
-0.004505 0.004790 -0.001046 0.002337 -0.017293 0.916996
-0.000527 0.006186 -0.001909 0.002368 -0.017164 0.898064
-0.001938 0.006764 -0.001831 0.003150 -0.016796 0.878958
-0.003668 0.006805 -0.001550 0.003559 -0.016489 0.865803
-0.002247 0.006384 -0.000174 0.005722 -0.016668 0.882656
0.002514 0.007377 0.003492 0.014083 -0.016211 0.864079
0.004322 0.005909 0.001998 0.009535 -0.016154 0.843462
0.002175 0.006238 0.002338 0.010770 -0.016208 0.853184
-0.001117 0.004693 0.000516 0.005133 -0.016464 0.860379
-0.001667 0.004377 -0.000079 0.003521 -0.016685 0.873561
-0.000568 0.004172 0.001641 0.006520 -0.016649 0.876001
0.002270 0.004020 0.000935 0.004930 -0.016724 0.872400
0.003186 0.003151 -0.000269 0.001448 -0.016756 0.865942
0.001466 0.002286 0.000754 0.001819 -0.016790 0.871531
-0.000572 0.001548 0.003008 0.003091 -0.016495 0.859078
-0.001717 0.001192 0.001373 0.000836 -0.016563 0.860667
-0.001136 0.000947 0.000913 0.000425 -0.016756 0.873041
-0.000859 0.000641 0.001231 0.000324 -0.016816 0.876059
0.001564 -0.000028 0.001420 -0.000273 -0.016631 0.857539
0.001273 -0.000164 0.001425 -0.000481 -0.016291 0.833444
0.001523 -0.000425 0.002312 -0.000292 -0.016301 0.832343
0.000865 -0.001454 0.001418 -0.001668 -0.016176 0.824835
0.000295 -0.000862 0.000200 -0.001822 -0.016117 0.821522
0.000257 -0.001848 0.001079 -0.002120 -0.016097 0.823120
-0.000773 -0.001587 0.000829 -0.002041 -0.015995 0.814978
-0.001324 -0.002059 0.000342 -0.002604 -0.015900 0.805697
-0.002559 -0.002986 -0.000215 -0.003522 -0.015918 0.810256
-0.002475 -0.003231 -0.000579 -0.004181 -0.015481 0.770636
-0.001615 -0.002866 -0.001089 -0.005012 -0.015685 0.789746
0.000660 -0.003387 -0.003038 -0.010135 -0.015303 0.753689
0.001652 -0.003005 -0.001833 -0.006580 -0.015276 0.744746
0.000500 -0.003486 -0.000158 -0.003809 -0.015095 0.727159
-0.001354 -0.002691 -0.000384 -0.003181 -0.015233 0.742731
-0.002232 -0.003363 -0.002025 -0.007208 -0.015165 0.740133
-0.000957 -0.003138 -0.002610 -0.008437 -0.015206 0.741156
0.001417 -0.002691 0.000292 -0.002731 -0.014844 0.700381
0.001636 -0.003460 0.000126 -0.003177 -0.014756 0.693244
0.002304 -0.001983 -0.000264 -0.002352 -0.014445 0.664820
0.002948 -0.002314 -0.000688 -0.002640 -0.014301 0.645323
0.000325 -0.002194 -0.002251 -0.004850 -0.014259 0.650503
0.000503 -0.002207 -0.001537 -0.003628 -0.014143 0.634015
-0.000067 -0.002052 -0.001277 -0.003046 -0.014108 0.624983
-0.000398 -0.002204 -0.000016 -0.001935 -0.014018 0.597259
0.000749 -0.002734 0.000155 -0.001925 -0.013981 0.562793
0.002831 -0.002430 -0.001594 -0.003503 -0.013990 0.582903
-0.000334 -0.001891 -0.001587 -0.003072 -0.013863 0.578326
0.000022 -0.002590 -0.000782 -0.003077 -0.013886 0.570549
-0.000630 -0.001819 -0.000702 -0.001854 -0.013825 0.542715
0.000162 -0.001409 0.000489 -0.000754 -0.013870 0.543234
0.000271 -0.001931 -0.000096 -0.001412 -0.013827 0.527923
0.000627 -0.001779 0.000170 -0.001138 -0.013843 0.528994
0.000927 -0.001269 0.001156 -0.000066 -0.013824 0.506610
0.000962 -0.000962 -0.000355 -0.000674 -0.013775 0.484139
0.000533 -0.000678 -0.000343 -0.000319 -0.013773 0.454229
0.000925 -0.000934 0.000163 -0.000336 -0.013814 0.485010
0.000553 -0.000381 -0.000196 -0.000209 -0.013796 0.495516
0.000262 0.000090 0.000436 0.000623 -0.013838 0.504924
-0.000116 0.000548 -0.000049 0.000621 -0.013808 0.513872
-0.000973 0.000692 -0.000716 0.000423 -0.013746 0.494446
-0.001627 0.001690 -0.000319 0.002082 -0.013665 0.496531
0.000290 0.002358 0.001138 0.005420 -0.013662 0.498222
0.002839 0.002271 0.001936 0.006076 -0.013756 0.503190
0.003758 0.002050 0.003993 0.008057 -0.013758 0.507004
0.004348 0.002555 0.001558 0.005668 -0.013846 0.533770
0.001932 0.002856 -0.001020 0.002740 -0.013849 0.529281
-0.000451 0.003362 0.000222 0.005166 -0.013761 0.524187
-0.003046 0.003303 0.003662 0.009039 -0.013685 0.547511
-0.004366 0.003293 0.005753 0.011922 -0.013733 0.588755
-0.000762 0.002712 0.001203 0.004930 -0.013829 0.594419
0.002339 0.002551 -0.003247 -0.000219 -0.014283 0.651683
0.001069 0.002191 -0.001949 0.000406 -0.014055 0.611808
-0.001612 0.002129 0.003774 0.006484 -0.014080 0.630631
-0.001796 0.001609 0.003533 0.004869 -0.014356 0.662028
-0.000101 0.001274 0.000676 0.001192 -0.014525 0.676953
0.000395 0.002086 -0.002461 -0.000371 -0.014616 0.684301
0.001574 0.001524 -0.001314 -0.000260 -0.014894 0.704965
0.002127 0.001345 -0.000929 -0.000149 -0.014834 0.699219
0.001598 0.001489 0.000886 0.001342 -0.014965 0.712821
-0.001668 0.001299 -0.002084 -0.000956 -0.014807 0.701544
-0.000624 0.001538 -0.002523 -0.000955 -0.014774 0.699277
0.000257 0.001459 -0.000086 0.000210 -0.015103 0.726928
0.004639 0.000977 0.002324 0.001571 -0.015460 0.746878
0.005336 0.001107 0.000534 0.000286 -0.015396 0.740004
0.003267 0.000877 -0.000192 -0.000266 -0.015387 0.744547
-0.002394 0.000816 0.003280 0.002074 -0.015251 0.742740
-0.005481 0.001137 0.004074 0.003646 -0.015333 0.763359
-0.002397 0.000977 0.002388 0.001411 -0.015874 0.808114
0.000498 0.000943 0.001191 0.000438 -0.016021 0.813200
0.001320 0.000434 0.000544 -0.000310 -0.016280 0.836197
0.000732 0.000371 0.001209 -0.000052 -0.015945 0.807086
-0.001132 -0.000373 0.001072 -0.000848 -0.015993 0.813144
-0.001838 -0.001072 0.000543 -0.001735 -0.015990 0.818484
-0.001310 -0.000640 0.000713 -0.001280 -0.016120 0.826984
-0.000647 -0.001284 0.000335 -0.001993 -0.016310 0.841449
-0.002128 -0.001356 0.000590 -0.001851 -0.016311 0.843074
-0.001475 -0.001781 0.000766 -0.002035 -0.016611 0.866979
-0.001316 -0.001962 0.001177 -0.001991 -0.016403 0.853363
-0.000608 -0.001632 0.000334 -0.002243 -0.016440 0.856492
0.000295 -0.002663 0.001041 -0.002562 -0.016385 0.851493
-0.000895 -0.002970 0.001275 -0.002640 -0.016210 0.840472
-0.001291 -0.002251 0.001672 -0.001974 -0.016279 0.849071
-0.001136 -0.003135 0.001370 -0.002667 -0.016145 0.840990
0.000492 -0.003072 0.001107 -0.002661 -0.016676 0.877578
0.000253 -0.003393 0.001089 -0.002887 -0.016551 0.870759
0.000773 -0.002555 -0.000000 -0.003542 -0.016628 0.873865
0.000604 -0.002251 -0.000856 -0.004681 -0.017102 0.901053
0.000329 -0.001813 -0.000499 -0.003943 -0.017528 0.924135
-0.000256 -0.001673 -0.000812 -0.004162 -0.017337 0.913870
-0.001397 -0.000930 -0.000078 -0.001833 -0.017263 0.910188
-0.002462 -0.000930 0.000390 -0.001391 -0.017631 0.931790
-0.002665 -0.000881 0.000718 -0.001160 -0.017683 0.935356
-0.000665 -0.000151 0.000853 -0.000455 -0.017405 0.914633
0.001550 -0.000088 0.001877 0.000075 -0.017676 0.927844
-0.000769 0.000058 0.000130 -0.000699 -0.017618 0.928666
-0.001797 -0.000323 -0.001210 -0.002808 -0.017537 0.925510
-0.002089 -0.000859 -0.000580 -0.002724 -0.017606 0.932206
0.000615 -0.000590 -0.000230 -0.002131 -0.017668 0.928490
0.000572 -0.000055 -0.000062 -0.001048 -0.017125 0.896810
0.000215 -0.000252 0.000019 -0.001142 -0.017341 0.909364
0.000104 -0.000311 -0.000406 -0.001990 -0.017463 0.916930
0.000467 -0.000284 0.000411 -0.000861 -0.017405 0.913553
-0.000310 -0.000568 0.000159 -0.001316 -0.017227 0.906069
-0.001517 -0.000554 0.001074 -0.000738 -0.017432 0.919347
0.000698 -0.000500 -0.000930 -0.003040 -0.017885 0.938539
0.001633 -0.000128 0.000451 -0.000747 -0.017363 0.905966
0.001390 -0.000557 0.002610 -0.000041 -0.017227 0.899436
-0.003621 -0.000796 0.002524 -0.000290 -0.016827 0.888632
-0.002912 -0.001357 0.002143 -0.000853 -0.017447 0.925755
0.001595 -0.002165 0.002889 -0.001096 -0.017342 0.908059
0.005489 -0.002670 0.003601 -0.001049 -0.017114 0.886353
0.002461 -0.001979 0.002419 -0.001306 -0.017018 0.887419
0.000282 -0.001917 0.001961 -0.001519 -0.016758 0.874889
-0.000729 -0.002331 0.001186 -0.002181 -0.016651 0.872094
0.001808 -0.002093 0.001761 -0.001717 -0.017145 0.897450
-0.000276 -0.002446 0.000567 -0.002590 -0.016921 0.890003
-0.003587 -0.002829 -0.000502 -0.003837 -0.016563 0.870652
-0.004858 -0.005515 -0.001623 -0.009322 -0.016542 0.880273
-0.001440 -0.005053 -0.000643 -0.007052 -0.017112 0.906707
-0.000875 -0.006022 -0.001050 -0.009425 -0.017369 0.922452
-0.000827 -0.006578 -0.001016 -0.009934 -0.017317 0.920518
-0.000132 -0.008004 -0.000955 -0.011467 -0.017269 0.918608
0.000717 -0.007776 -0.000913 -0.010939 -0.017206 0.911827
0.000377 -0.010589 -0.000974 -0.014035 -0.017306 0.922457
0.000315 -0.011004 -0.000423 -0.012895 -0.017028 0.900085
0.000041 -0.011610 -0.000263 -0.013011 -0.016953 0.897328
0.000016 -0.011457 -0.000368 -0.013270 -0.017159 0.910164
-0.000123 -0.009753 -0.000392 -0.011697 -0.017188 0.909885
-0.000128 -0.009946 -0.000528 -0.012271 -0.017025 0.901974
-0.000196 -0.008681 -0.000413 -0.010637 -0.016894 0.893255
-0.000231 -0.007333 -0.000682 -0.010053 -0.016924 0.893008
-0.000067 -0.005925 -0.000182 -0.006964 -0.016332 0.851358
0.000474 -0.004658 0.000138 -0.005124 -0.017088 0.896237
-0.000429 -0.004623 0.000275 -0.004722 -0.016904 0.886495
-0.000069 -0.003416 0.000258 -0.003902 -0.017221 0.903639
-0.000043 -0.004063 0.001231 -0.003287 -0.017101 0.896441
0.000381 -0.003665 0.000276 -0.004103 -0.016844 0.879373
-0.000525 -0.003560 0.000500 -0.003719 -0.017039 0.892982
-0.001432 -0.004301 0.000666 -0.004055 -0.017129 0.901319
-0.001679 -0.003755 -0.000009 -0.004500 -0.017076 0.901198
-0.001995 -0.003895 0.001314 -0.003053 -0.016842 0.888606
-0.001742 -0.003681 0.000753 -0.003494 -0.016921 0.893417
-0.001369 -0.004043 -0.000258 -0.005170 -0.016869 0.891447
0.000487 -0.003347 0.000306 -0.003952 -0.017100 0.898770
0.002694 -0.003918 -0.000186 -0.005088 -0.016457 0.853492
0.002361 -0.004262 -0.000417 -0.005886 -0.016502 0.857096
0.000116 -0.004626 0.000045 -0.005198 -0.016151 0.836886
-0.004020 -0.004308 -0.000425 -0.005031 -0.015954 0.825775
-0.003165 -0.003251 -0.001732 -0.006500 -0.016237 0.851851
0.000412 -0.001287 -0.001580 -0.004296 -0.016586 0.866258
0.004394 -0.000490 -0.001196 -0.002397 -0.016542 0.850660
0.004003 -0.000495 0.000242 -0.001378 -0.016567 0.852836
-0.000040 -0.000403 -0.000236 -0.001668 -0.016496 0.854724
-0.004496 -0.000459 -0.000866 -0.001882 -0.016264 0.842727
-0.004635 -0.000441 -0.001169 -0.002073 -0.015917 0.812606
-0.001973 0.000136 -0.000162 -0.001041 -0.016191 0.836972
-0.000546 0.000316 0.001230 -0.000027 -0.016563 0.862624
0.000813 0.000382 0.001088 -0.000033 -0.016581 0.859177
0.000719 0.000324 0.000796 -0.000176 -0.016849 0.877715
-0.001979 0.000409 0.004811 0.002861 -0.016397 0.856578
-0.001244 -0.000003 0.001515 -0.000255 -0.016385 0.850114
0.001874 0.000240 0.000058 -0.000770 -0.016653 0.860911
0.004482 0.000510 0.002057 0.000428 -0.016381 0.835965
0.003954 0.000613 0.000887 -0.000031 -0.016116 0.811768
-0.001260 0.000637 -0.000076 -0.000537 -0.016300 0.840203
-0.002976 0.000030 0.000981 -0.000463 -0.016347 0.843811
-0.000136 0.000200 -0.000000 -0.000776 -0.016865 0.876622
0.001270 0.000255 0.000325 -0.000499 -0.017022 0.885301
0.003136 -0.000137 0.001708 -0.000193 -0.017046 0.883254
0.000885 -0.000229 0.000535 -0.000874 -0.016903 0.879632
-0.001392 -0.000021 0.000460 -0.000729 -0.016808 0.878821
-0.002520 -0.000397 0.001302 -0.000593 -0.016972 0.891875
0.000312 -0.000203 0.001997 -0.000057 -0.017328 0.908379
0.001385 -0.000686 0.003741 0.000341 -0.017308 0.906209
0.000892 -0.000468 0.003107 0.000197 -0.017059 0.891963
-0.001005 -0.000547 0.001944 -0.000457 -0.016871 0.882874
0.001303 -0.000916 0.004098 0.000287 -0.017159 0.895460
-0.000153 -0.000236 0.002884 0.000307 -0.017061 0.891629
-0.003092 -0.000077 -0.001010 -0.001796 -0.016705 0.871484
-0.006064 -0.000918 -0.002834 -0.004447 -0.016738 0.874236
-0.003046 -0.000919 0.000816 -0.001337 -0.016837 0.877772
0.001087 -0.000466 0.000445 -0.001143 -0.017291 0.898255
0.002068 -0.000777 0.001354 -0.000952 -0.017473 0.908711
0.001676 -0.001547 0.002004 -0.001261 -0.017183 0.892555
-0.001220 -0.000554 0.001136 -0.000792 -0.017200 0.897418
-0.002123 -0.000769 0.001197 -0.001038 -0.016808 0.874687
-0.001467 -0.000549 -0.000318 -0.001733 -0.016851 0.878359
0.000062 -0.000230 -0.000402 -0.001712 -0.016924 0.880241
-0.000035 -0.000111 -0.000146 -0.001315 -0.016625 0.859776
-0.001102 0.000291 0.000518 -0.000493 -0.016380 0.841308
-0.002082 0.000560 -0.000057 -0.000574 -0.016385 0.841776
-0.001435 0.000209 -0.000399 -0.001152 -0.016410 0.844511
-0.000033 0.000510 0.000102 -0.000543 -0.016115 0.811568
0.001892 0.000365 0.000894 -0.000229 -0.016352 0.827920
0.004342 0.000541 -0.000122 -0.000574 -0.016677 0.851798
0.005241 0.000607 -0.001115 -0.001104 -0.016275 0.821769
0.003853 0.000682 -0.000522 -0.000691 -0.015988 0.795399
0.000673 0.000405 0.000175 -0.000602 -0.016009 0.806604
-0.003986 0.000378 -0.000830 -0.001235 -0.015916 0.805151
-0.004324 0.000192 -0.000400 -0.001107 -0.015982 0.810746
-0.001089 0.000397 0.001081 -0.000153 -0.016203 0.830373
0.001094 0.000618 0.001477 0.000244 -0.016232 0.828343
0.001584 0.000069 -0.000101 -0.001088 -0.015999 0.804655
0.000995 0.000082 0.000022 -0.000993 -0.016031 0.805563
0.000715 0.000138 0.000928 -0.000422 -0.016074 0.808926
0.000887 -0.000192 0.000022 -0.001268 -0.016067 0.806530
0.001572 -0.000322 0.000741 -0.001007 -0.016072 0.804287
0.001137 -0.000464 -0.000514 -0.001890 -0.015883 0.788223
0.000198 -0.000339 0.000542 -0.001091 -0.015947 0.794455
-0.000690 -0.000608 -0.000001 -0.001707 -0.015911 0.792480
-0.000896 -0.000666 0.000201 -0.001622 -0.015770 0.780335
-0.001084 -0.001337 -0.000146 -0.002380 -0.016039 0.806874
-0.001136 -0.001559 0.000241 -0.002274 -0.015864 0.790569
-0.000626 -0.001684 0.000088 -0.002459 -0.015910 0.796054
0.000717 -0.001764 -0.000841 -0.003407 -0.015722 0.777510
0.001247 -0.001995 -0.000890 -0.003463 -0.015472 0.752227
0.000662 -0.001388 -0.000150 -0.002288 -0.015281 0.736263
-0.000107 -0.001135 -0.000453 -0.002350 -0.015294 0.740865
-0.000441 -0.000845 -0.000099 -0.001864 -0.015173 0.731503
-0.000705 -0.000711 0.000481 -0.001410 -0.015104 0.725976
0.000187 -0.001041 0.001123 -0.001314 -0.015037 0.718509
0.000715 -0.001207 0.001174 -0.001416 -0.015030 0.715892
0.000626 -0.000890 0.001176 -0.000992 -0.014756 0.694583
0.000256 -0.000751 0.001334 -0.000679 -0.014518 0.673887
0.000108 -0.000771 0.001747 -0.000426 -0.014429 0.663131
0.000320 -0.000586 0.000562 -0.000795 -0.014348 0.651888
0.000421 -0.000659 -0.000105 -0.001181 -0.014201 0.635266
0.000329 -0.000494 0.000004 -0.000812 -0.014069 0.618304
0.000285 -0.000338 0.000233 -0.000413 -0.014007 0.605911
0.000293 -0.000100 0.000094 -0.000218 -0.013925 0.590328
-0.000135 0.000032 -0.000606 -0.000533 -0.013840 0.582621
-0.000490 0.000364 -0.000530 -0.000149 -0.013814 0.577068
-0.000429 0.000495 0.000254 0.000484 -0.013850 0.579366
0.000118 0.000389 0.001219 0.001582 -0.013813 0.558641
0.001185 0.000275 0.000914 0.001175 -0.013815 0.545929
0.002580 0.000357 -0.000238 0.000260 -0.013838 0.539494
0.002309 -0.000031 -0.000619 -0.000276 -0.013848 0.535875
0.001362 -0.000115 0.000012 0.000225 -0.013786 0.498718
0.001244 -0.000149 0.001902 0.002083 -0.013779 0.474886
0.000148 0.000122 0.001136 0.002191 -0.013727 0.435617
-0.000799 0.000995 0.000051 0.002367 -0.013633 0.417522
-0.001016 0.001292 -0.001461 0.000932 -0.013604 0.442966
-0.000353 0.001213 -0.000030 0.002384 -0.013631 0.438446
-0.000468 0.001720 -0.000077 0.003333 -0.013572 0.419338
-0.000246 0.001574 0.000476 0.004275 -0.013574 0.388597
-0.000260 0.001337 -0.000261 0.002652 -0.013600 0.396211
-0.000596 0.001511 0.000164 0.003772 -0.013566 0.376594
-0.000465 0.001291 0.000663 0.004173 -0.013588 0.373791
-0.000295 0.001293 0.000497 0.003980 -0.013591 0.365099
-0.000464 0.001388 -0.000561 0.002680 -0.013591 0.358639
-0.000474 0.001497 -0.001210 0.002172 -0.013569 0.349734
-0.000440 0.001617 -0.000933 0.002818 -0.013565 0.329824
-0.000127 0.001863 -0.000019 0.004742 -0.013557 0.300972
0.000298 0.001608 0.000260 0.004889 -0.013650 0.287773
0.000654 0.001128 0.000276 0.004075 -0.013729 0.285522
0.000081 0.001319 -0.000233 0.003724 -0.013676 0.276825
-0.000520 0.001062 -0.000448 0.003185 -0.013634 0.267535
-0.000416 0.000167 -0.000931 0.001269 -0.013713 0.268277
-0.000099 -0.000001 -0.000851 0.001206 -0.013754 0.256356
-0.000124 -0.000085 -0.001149 0.000708 -0.013737 0.261607
-0.000016 -0.000361 -0.000972 0.000606 -0.013768 0.261358
0.000204 -0.001240 -0.000097 0.000445 -0.013818 0.273020
0.000431 -0.002768 0.000550 -0.000116 -0.013898 0.273626
0.000421 -0.005344 0.000669 -0.003264 -0.013898 0.282330
0.000786 -0.007854 0.000019 -0.008267 -0.013874 0.283175
0.000745 -0.010549 -0.000010 -0.011911 -0.013823 0.297665
0.000917 -0.011733 0.000144 -0.012800 -0.013850 0.291249
0.000740 -0.013563 0.000717 -0.013350 -0.013824 0.307530
0.000256 -0.016528 -0.000790 -0.020560 -0.013682 0.291212
0.000977 -0.018729 -0.001583 -0.024606 -0.013633 0.307801
0.000869 -0.020393 -0.001889 -0.027451 -0.013585 0.315665
0.002258 -0.022269 -0.000171 -0.024477 -0.013676 0.327969
0.003073 -0.021727 -0.000038 -0.023345 -0.013703 0.336174
0.002184 -0.023179 0.000336 -0.023907 -0.013721 0.333581
0.000931 -0.022946 -0.002324 -0.031182 -0.013585 0.320771
0.002349 -0.016324 -0.002923 -0.024439 -0.013689 0.310569
0.001783 -0.006986 -0.004271 -0.015237 -0.013716 0.288868
0.000254 0.002788 -0.001740 0.003833 -0.013801 0.280012
-0.000095 0.008598 -0.001402 0.011288 -0.013452 0.273615
-0.000033 0.014918 -0.000242 0.019348 -0.013065 0.268876
0.000030 0.018663 0.001603 0.026090 -0.012803 0.278282
0.000228 0.019214 0.002494 0.028245 -0.012761 0.281252
-0.000458 0.021559 0.003335 0.031732 -0.012608 0.295707
-0.000627 0.024509 0.001699 0.031138 -0.012609 0.310292
-0.000802 0.024750 0.000657 0.029081 -0.012682 0.317415
-0.001558 0.024134 -0.000722 0.025448 -0.012824 0.322685
-0.001890 0.023092 -0.000089 0.025583 -0.012838 0.331082
-0.000908 0.019970 0.002860 0.028706 -0.012775 0.329297
-0.000476 0.018791 0.003313 0.028619 -0.012811 0.318489
-0.000803 0.016870 0.001730 0.023803 -0.012967 0.312496
-0.000771 0.015379 -0.001029 0.017588 -0.013108 0.306540
-0.001628 0.011450 -0.000456 0.015365 -0.013263 0.282254
-0.002415 0.009787 0.000245 0.015207 -0.013326 0.267728
-0.000792 0.007404 0.000556 0.013422 -0.013538 0.257012
0.000134 0.002754 0.000377 0.007210 -0.013887 0.244820
0.000475 -0.001023 0.000103 0.000938 -0.014068 0.247126
0.000128 -0.005351 0.000981 -0.002489 -0.014054 0.254265
0.000152 -0.010060 0.001180 -0.008098 -0.014016 0.248784
0.000122 -0.012096 -0.000445 -0.014933 -0.013852 0.246848
0.000785 -0.013889 -0.002565 -0.021135 -0.013697 0.249449
0.001202 -0.014026 -0.002009 -0.020302 -0.013777 0.224789
0.000146 -0.013743 -0.000879 -0.018093 -0.013839 0.200233
-0.000920 -0.014239 0.000077 -0.016204 -0.013847 0.186019
-0.000224 -0.014153 0.001805 -0.011974 -0.013978 0.191448
0.003472 -0.014672 0.006383 -0.004074 -0.014235 0.217487
0.004963 -0.015904 0.003656 -0.010003 -0.014171 0.219292
0.001540 -0.014420 -0.000006 -0.016416 -0.014029 0.172611
-0.000725 -0.014059 -0.003597 -0.023820 -0.013603 0.172177
-0.001209 -0.013636 -0.001811 -0.020079 -0.013744 0.163235
-0.000347 -0.013058 -0.000004 -0.015130 -0.013929 0.146357
0.000140 -0.011719 0.000668 -0.011596 -0.014005 0.140829
0.000305 -0.011685 0.000474 -0.011977 -0.014018 0.141037
0.000421 -0.010714 0.000372 -0.010829 -0.014106 0.133251
0.000127 -0.010067 0.000510 -0.009682 -0.014082 0.126804
-0.000393 -0.009216 0.000419 -0.008993 -0.014016 0.122031
0.000104 -0.006539 -0.000548 -0.007687 -0.014040 0.107521
0.001033 -0.007115 -0.002546 -0.012631 -0.013928 0.107152
0.002171 -0.008655 -0.004501 -0.018515 -0.013728 0.122904
0.001517 -0.005040 -0.002892 -0.009526 -0.014007 0.089836
0.000368 -0.003094 0.000342 -0.000127 -0.014220 0.065069
-0.001090 -0.005608 0.002919 -0.000132 -0.013992 0.070384
-0.001137 -0.004019 0.003018 0.002635 -0.013926 0.072506
-0.000285 -0.002830 0.000518 0.000374 -0.014011 0.053187
0.000088 -0.004590 -0.001201 -0.006369 -0.013945 0.052500
0.000451 -0.003639 -0.001950 -0.005857 -0.013984 0.058917
