0.002288 0.041857 0.001598 0.040731 -0.016653 0.976050
0.004313 0.042872 0.003765 0.045047 -0.016221 0.961857
0.003523 0.042269 0.002164 0.041939 -0.016528 0.970192
0.001704 0.042939 0.001104 0.040211 -0.016687 0.979984
0.000092 0.042989 0.002443 0.043233 -0.016638 0.987435
0.000686 0.042401 0.002029 0.041831 -0.016926 0.997239
0.001925 0.042526 0.002882 0.043619 -0.017098 1.004717
0.002213 0.043694 0.002696 0.043977 -0.016916 0.999153
0.000983 0.044804 0.001215 0.042010 -0.016928 0.998702
-0.000772 0.046444 0.000163 0.041242 -0.016595 0.984464
-0.000229 0.046577 0.000234 0.041338 -0.017040 1.011835
-0.000294 0.046883 0.000677 0.042391 -0.016870 1.007819
0.000541 0.045374 0.001106 0.042287 -0.017283 1.026533
0.000467 0.044635 0.001480 0.042569 -0.016596 0.985307
0.000916 0.044222 0.000574 0.040170 -0.016523 0.975006
0.000247 0.043804 0.002229 0.043128 -0.015997 0.951462
0.000941 0.044126 0.000817 0.040181 -0.016503 0.971952
0.002076 0.043782 0.001418 0.041404 -0.016042 0.941859
0.002113 0.043044 0.003333 0.044295 -0.015874 0.937647
0.001789 0.043213 0.001447 0.041086 -0.015713 0.917031
0.003162 0.042219 0.002981 0.043208 -0.015213 0.885772
0.003878 0.042220 0.003823 0.044790 -0.015206 0.888600
0.001271 0.040716 0.002411 0.041419 -0.015529 0.902641
0.000677 0.039715 0.004119 0.043668 -0.015610 0.915939
0.001017 0.037317 0.002926 0.039362 -0.016341 0.952085
0.002377 0.035755 0.001253 0.034565 -0.017108 0.985011
-0.000734 0.033907 0.000509 0.031110 -0.017518 1.008762
-0.000804 0.033372 0.001572 0.033271 -0.017511 1.010696
0.000022 0.032089 0.000828 0.030453 -0.017742 1.015039
0.001645 0.031737 -0.000680 0.026677 -0.018214 1.030727
0.001051 0.030259 0.000343 0.027502 -0.018206 1.031169
0.000437 0.028867 0.001423 0.028734 -0.018199 1.035478
0.000064 0.028395 0.001308 0.028034 -0.018770 1.071151
-0.000577 0.028522 0.000072 0.025272 -0.018379 1.048530
0.000055 0.026617 0.000979 0.025546 -0.019247 1.101897
0.000411 0.023820 0.002140 0.025133 -0.020193 1.150272
0.000382 0.022729 0.002621 0.024851 -0.020157 1.149016
0.000248 0.020380 0.002264 0.022276 -0.020328 1.153095
0.000177 0.019316 0.003729 0.023981 -0.020760 1.181661
-0.000163 0.017354 0.002993 0.021145 -0.020816 1.175153
0.000211 0.015741 0.002336 0.018492 -0.020958 1.175746
-0.000251 0.013855 0.001859 0.015789 -0.021216 1.184221
-0.000515 0.012148 0.000302 0.010945 -0.021375 1.184713
0.000497 0.011364 0.000131 0.009675 -0.021735 1.197318
0.002733 0.010333 0.000196 0.009031 -0.021647 1.189633
0.003123 0.009569 0.000236 0.008132 -0.022102 1.211735
0.002041 0.009140 0.000860 0.009344 -0.022243 1.219958
0.000928 0.007122 -0.000036 0.005450 -0.022695 1.236829
0.000455 0.005839 -0.000372 0.003641 -0.022950 1.249902
0.000901 0.004134 0.000519 0.004165 -0.023598 1.281930
0.001120 0.003651 -0.000456 0.002276 -0.024165 1.311070
0.000376 0.002914 0.000284 0.002960 -0.024519 1.335426
-0.001312 0.001996 0.000187 0.002284 -0.024947 1.362991
-0.001840 0.001611 0.000522 0.002343 -0.025071 1.367906
-0.001291 0.001288 0.000494 0.001965 -0.025040 1.359820
0.000138 0.001101 0.001694 0.002602 -0.025090 1.367374
-0.000453 0.000480 -0.000018 0.000551 -0.025851 1.404687
0.000326 0.000034 0.000283 0.000514 -0.025857 1.397943
-0.000191 -0.000139 -0.000127 -0.000543 -0.026144 1.415790
0.000437 -0.000492 -0.000073 -0.000795 -0.026768 1.448985
-0.000465 -0.000467 0.000030 -0.000412 -0.026710 1.455498
-0.001043 -0.000211 -0.000119 -0.000341 -0.027122 1.473256
0.000069 -0.000368 0.000331 0.000579 -0.027733 1.504206
-0.000135 -0.000436 -0.000039 -0.000146 -0.028229 1.539064
-0.000300 -0.000431 0.000158 0.000574 -0.028877 1.578321
-0.000534 -0.000462 -0.000109 -0.000154 -0.029278 1.609871
-0.001552 0.000063 0.000396 0.001727 -0.029966 1.673919
-0.001769 0.000075 0.000200 0.001326 -0.030239 1.711326
0.000088 0.000163 0.000333 0.001614 -0.030446 1.716369
0.000690 0.000382 0.000771 0.002436 -0.030710 1.734012
-0.000371 0.000105 0.000189 0.001652 -0.030782 1.720819
-0.000491 0.000331 0.000114 0.001813 -0.031396 1.776530
-0.001026 0.000311 -0.000097 0.001377 -0.031620 1.797302
-0.000373 0.000269 0.000265 0.002150 -0.032001 1.824369
-0.000572 0.000387 0.000153 0.002281 -0.032186 1.831372
-0.000083 0.000413 -0.000009 0.001801 -0.032566 1.858347
-0.000142 0.000520 0.000072 0.002185 -0.032494 1.856074
-0.000082 0.000753 -0.000012 0.002150 -0.032449 1.858782
-0.000081 0.000969 0.000131 0.002637 -0.032427 1.876312
-0.000827 0.001243 -0.000220 0.002560 -0.032843 1.888864
-0.000239 0.000923 -0.000022 0.002800 -0.033054 1.885399
-0.000590 0.001224 -0.000543 0.001641 -0.032922 1.901849
0.000177 0.001456 -0.000026 0.003087 -0.032902 1.900385
0.000121 0.001570 -0.000078 0.003530 -0.033388 1.924251
0.000092 0.002113 0.000068 0.004602 -0.033507 1.949352
-0.000587 0.002320 -0.000328 0.004279 -0.033572 1.944087
-0.000526 0.002471 -0.000397 0.004053 -0.033215 1.938266
0.000132 0.002285 -0.000339 0.003683 -0.033658 1.992523
0.000455 0.001827 0.000033 0.004296 -0.034382 2.024375
0.000360 0.002031 -0.000041 0.004458 -0.034354 2.018427
-0.000123 0.001884 -0.000384 0.003578 -0.034729 2.049829
-0.000165 0.002171 -0.000267 0.004553 -0.034950 2.072570
-0.000265 0.002411 -0.000191 0.004916 -0.034532 2.059113
-0.000459 0.002680 -0.000235 0.005427 -0.035104 2.117103
-0.000420 0.003079 -0.000188 0.006083 -0.035294 2.147288
0.000205 0.002751 -0.000162 0.005665 -0.035625 2.139529
0.000277 0.002479 -0.000115 0.005550 -0.035918 2.136585
-0.000082 0.002702 -0.000278 0.005511 -0.035717 2.130793
0.000097 0.002531 -0.000320 0.005301 -0.036262 2.160198
0.000104 0.002192 0.000115 0.005704 -0.036116 2.207763
-0.000040 0.002048 0.000425 0.006615 -0.036837 2.224667
-0.000626 0.001972 0.000593 0.006268 -0.035691 2.204571
-0.000215 0.001801 0.000786 0.007048 -0.037145 2.242212
-0.000099 0.001963 -0.000109 0.005445 -0.036828 2.238407
0.000142 0.001340 0.000150 0.005026 -0.037055 2.258638
0.000032 0.001552 -0.000227 0.004363 -0.036910 2.232541
0.000702 0.002125 -0.000451 0.004781 -0.037298 2.243417
0.000360 0.001861 -0.000005 0.005246 -0.036943 2.240882
0.000052 0.001919 -0.000139 0.005324 -0.037285 2.240098
0.000313 0.002026 0.000217 0.006065 -0.036918 2.236941
0.000384 0.002145 -0.000001 0.005564 -0.036596 2.246174
0.000023 0.001994 -0.000093 0.005699 -0.037469 2.268164
-0.000167 0.001890 -0.000140 0.005575 -0.037531 2.252624
0.000046 0.001776 0.000050 0.005626 -0.037227 2.227038
0.000254 0.001623 0.000093 0.005300 -0.037237 2.232203
0.000577 0.001674 -0.000137 0.004808 -0.037478 2.245752
0.000845 0.001621 0.000088 0.005212 -0.037554 2.246409
0.000405 0.001521 0.000276 0.005708 -0.037657 2.256243
0.000811 0.001600 0.000095 0.005396 -0.038061 2.292933
0.000270 0.001698 0.000082 0.005811 -0.038212 2.293828
0.000412 0.001644 0.000071 0.005841 -0.038716 2.321226
0.000397 0.001512 0.000355 0.006412 -0.038813 2.327233
0.000118 0.001431 0.000234 0.006140 -0.038806 2.333967
0.000021 0.001332 0.000004 0.005480 -0.039037 2.348137
0.000072 0.001409 0.000005 0.005355 -0.038555 2.334014
0.000461 0.001500 -0.000063 0.005068 -0.038370 2.303068
0.001076 0.001420 0.000018 0.005151 -0.038824 2.333916
0.001111 0.001401 0.000102 0.005324 -0.038835 2.345758
0.000768 0.001480 0.000041 0.005380 -0.038725 2.337428
0.000749 0.001645 0.000022 0.005671 -0.038831 2.344452
0.000258 0.001842 0.000227 0.006688 -0.038727 2.336135
0.000047 0.001585 0.000150 0.006331 -0.039030 2.358115
0.000063 0.001507 0.000119 0.006357 -0.039572 2.377265
0.000096 0.001486 -0.000024 0.005861 -0.039516 2.370111
0.000293 0.001427 -0.000128 0.005335 -0.039420 2.362226
0.000439 0.001442 0.000037 0.005717 -0.039411 2.361411
0.000423 0.001391 0.000037 0.005566 -0.039306 2.355318
0.000269 0.001221 0.000069 0.005440 -0.039347 2.360567
-0.000073 0.001177 0.000085 0.005638 -0.039247 2.360277
-0.000196 0.000998 0.000035 0.005357 -0.039435 2.362109
0.000268 0.001092 0.000126 0.005549 -0.039720 2.391908
0.000315 0.001189 -0.000039 0.005351 -0.039900 2.394855
0.000298 0.001278 0.000133 0.006043 -0.040040 2.396094
0.000641 0.001301 0.000116 0.005923 -0.040104 2.402389
0.000424 0.001214 -0.000021 0.005565 -0.040210 2.406715
0.000239 0.001385 -0.000283 0.005259 -0.040166 2.406081
0.000294 0.001237 0.000274 0.006489 -0.040262 2.411294
-0.000201 0.001056 0.000319 0.006662 -0.040294 2.412381
-0.000273 0.001056 0.000089 0.006085 -0.040237 2.410490
-0.000019 0.001272 -0.000142 0.005641 -0.040317 2.412174
0.000287 0.001225 -0.000137 0.005438 -0.040391 2.415113
-0.000123 0.001199 -0.000281 0.005212 -0.040349 2.412676
-0.000169 0.001010 -0.000133 0.005259 -0.040244 2.409258
0.000038 0.001060 -0.000097 0.005288 -0.040295 2.411091
-0.000043 0.001135 -0.000050 0.005699 -0.040386 2.408071
-0.000013 0.001165 0.000007 0.005989 -0.040546 2.424209
0.000082 0.001320 0.000019 0.006196 -0.040491 2.420390
0.000333 0.001277 0.000270 0.006501 -0.040286 2.415378
0.000150 0.001180 0.000154 0.006252 -0.040470 2.424837
0.000041 0.001165 -0.000008 0.005933 -0.040605 2.433438
0.000292 0.001082 -0.000210 0.005107 -0.040591 2.433905
-0.000089 0.000878 0.000015 0.005678 -0.040751 2.455040
0.000155 0.000921 0.000182 0.006089 -0.040862 2.455949
0.000424 0.000940 0.000489 0.006767 -0.040923 2.463408
0.000504 0.000756 0.000397 0.006177 -0.040975 2.468486
0.000234 0.000789 0.000262 0.006163 -0.041133 2.479171
0.000551 0.000805 0.000121 0.005574 -0.041016 2.473016
0.000748 0.000800 0.000201 0.005707 -0.041074 2.483856
0.000098 0.000885 -0.000004 0.005663 -0.041108 2.492285
0.000352 0.001037 -0.000049 0.005765 -0.041243 2.496866
0.000191 0.000844 -0.000152 0.005257 -0.041288 2.503695
0.000398 0.000741 0.000187 0.005906 -0.041430 2.516359
0.000240 0.000755 -0.000220 0.005057 -0.041574 2.525474
0.000164 0.000677 -0.000382 0.004622 -0.041801 2.536696
0.000031 0.000491 0.000043 0.005646 -0.042035 2.546686
-0.000150 0.000408 0.000045 0.005720 -0.042180 2.555950
-0.000025 0.000426 -0.000045 0.005441 -0.042279 2.557210
0.000005 0.000336 -0.000028 0.005351 -0.042397 2.563758
-0.000081 0.000393 -0.000182 0.005178 -0.042549 2.573692
0.000082 0.000376 0.000002 0.005495 -0.042441 2.572880
0.000091 0.000370 -0.000078 0.005287 -0.042474 2.570070
0.000451 0.000411 -0.000226 0.004878 -0.042540 2.574119
0.001008 0.000542 -0.000211 0.005032 -0.042520 2.573692
0.000017 0.000661 -0.000587 0.004353 -0.042583 2.582206
-0.000209 0.000685 -0.000777 0.003801 -0.042586 2.587861
-0.000414 0.000805 -0.000978 0.003525 -0.042663 2.591023
-0.000199 0.000710 -0.000652 0.004268 -0.042631 2.589181
0.000139 0.000572 -0.000242 0.005220 -0.042621 2.596591
0.000303 0.000488 -0.000010 0.005597 -0.042613 2.600661
0.000167 0.000627 -0.000278 0.005222 -0.042740 2.608955
-0.000068 0.000657 -0.000336 0.005187 -0.042745 2.613008
-0.000342 0.000712 -0.000530 0.004707 -0.042743 2.616130
-0.000290 0.000759 -0.000847 0.003718 -0.042768 2.615211
0.000025 0.000806 -0.000358 0.005411 -0.042793 2.615089
-0.000058 0.000895 -0.000241 0.005978 -0.042830 2.628359
-0.000139 0.000633 0.000174 0.006809 -0.042888 2.640846
-0.000187 0.000767 0.000046 0.006738 -0.042923 2.651441
-0.000135 0.000909 -0.000433 0.005313 -0.042939 2.660149
-0.000308 0.000750 -0.000357 0.005590 -0.043135 2.658345
-0.000229 0.000995 -0.000355 0.005980 -0.043120 2.670526
0.000475 0.001317 -0.000668 0.005399 -0.043066 2.657760
0.000927 0.001355 -0.001269 0.003788 -0.043085 2.641870
0.000688 0.001158 -0.001207 0.003598 -0.043075 2.631995
-0.000427 0.001026 -0.001156 0.003516 -0.043127 2.644571
-0.000213 0.000967 -0.000764 0.004695 -0.043244 2.648214
0.000537 0.000935 -0.000700 0.004834 -0.043303 2.639068
0.000384 0.000876 -0.000821 0.004306 -0.043312 2.639296
-0.000394 0.000781 -0.000791 0.004248 -0.043316 2.657202
-0.000104 0.000887 -0.000961 0.003835 -0.043340 2.660306
0.000210 0.000739 -0.000783 0.004025 -0.043311 2.651865
0.000524 0.000702 -0.000577 0.004545 -0.043216 2.646737
0.000195 0.000554 -0.000391 0.004852 -0.043126 2.635957
0.000187 0.000724 -0.000711 0.004094 -0.043002 2.635705
0.000936 0.000959 -0.000895 0.003898 -0.043012 2.642930
0.002312 0.001107 -0.002539 0.001268 -0.042609 2.615457
0.006201 0.000987 -0.002310 0.000607 -0.041558 2.617488
0.002252 0.000047 0.002202 0.007710 -0.042683 2.630277
-0.001672 -0.000164 0.001722 0.007540 -0.042394 2.649173
-0.005555 -0.000058 -0.000575 0.004221 -0.042425 2.665339
-0.003742 0.000306 -0.001163 0.002706 -0.042494 2.659842
-0.000666 0.000467 -0.001168 0.002562 -0.042878 2.627380
0.000158 0.000328 -0.000574 0.003743 -0.042941 2.619265
0.000881 0.000131 0.000277 0.005553 -0.042951 2.616988
0.002098 0.000210 0.000516 0.005933 -0.042816 2.620652
0.001219 0.000242 -0.000057 0.004841 -0.042812 2.617863
0.000159 0.000125 -0.000370 0.003881 -0.042857 2.617883
-0.000285 -0.000068 -0.000108 0.004750 -0.042806 2.621722
-0.000252 -0.000049 -0.000189 0.004288 -0.042729 2.622489
0.000175 0.000049 -0.000133 0.004390 -0.042727 2.619587
0.000153 0.000004 -0.000174 0.004082 -0.042664 2.621337
0.000270 -0.000055 -0.000082 0.004139 -0.042577 2.619403
-0.000316 -0.000223 -0.000036 0.004455 -0.042519 2.625722
-0.000595 -0.000212 -0.000004 0.004760 -0.042405 2.633978
-0.000495 -0.000183 -0.000154 0.004102 -0.042418 2.628763
0.000595 0.000072 -0.000601 0.002980 -0.042496 2.615006
0.002209 0.000264 -0.001375 0.001462 -0.042105 2.609460
0.001234 0.000082 -0.000949 0.001795 -0.042023 2.615106
0.000129 -0.000065 -0.000353 0.002849 -0.042018 2.623206
0.000537 0.000005 -0.000806 0.002065 -0.042095 2.616188
0.001156 0.000082 -0.001197 0.001413 -0.041999 2.612104
0.000440 -0.000065 -0.000717 0.002327 -0.042134 2.609061
-0.000376 -0.000246 -0.000290 0.003396 -0.042182 2.607385
-0.000756 -0.000423 -0.000036 0.004103 -0.042086 2.607040
-0.002420 -0.000579 0.000852 0.005309 -0.041817 2.606933
-0.001589 -0.000646 0.000328 0.004577 -0.042086 2.614253
0.000697 0.000088 -0.001437 0.001232 -0.042247 2.605637
0.002365 0.000275 -0.001785 0.000953 -0.042103 2.603622
0.000545 0.000121 -0.001268 0.001737 -0.042458 2.600760
0.000499 -0.000118 -0.000530 0.003185 -0.042659 2.602270
-0.000023 -0.000312 -0.000036 0.004368 -0.042756 2.606464
0.000095 -0.000265 -0.000081 0.004205 -0.042728 2.609507
0.001356 -0.000074 -0.000438 0.003288 -0.042589 2.602559
-0.000069 0.000033 -0.001329 0.001626 -0.042581 2.603615
-0.000278 0.000248 -0.002011 0.000849 -0.042439 2.601451
0.000686 0.000285 -0.001835 0.001116 -0.042368 2.596243
0.000367 -0.000001 -0.000604 0.003165 -0.042613 2.601123
-0.000277 -0.000275 0.000013 0.004546 -0.042650 2.602771
-0.000522 -0.000321 -0.000081 0.004405 -0.042604 2.601872
-0.000339 -0.000229 -0.000473 0.003373 -0.042638 2.594919
0.000344 -0.000128 -0.000545 0.003179 -0.042575 2.594193
0.000665 -0.000116 -0.000479 0.003332 -0.042547 2.591417
0.000468 -0.000217 -0.000112 0.004115 -0.042585 2.594406
-0.000153 -0.000356 0.000000 0.004394 -0.042621 2.598606
-0.000228 -0.000413 -0.000038 0.004312 -0.042623 2.598550
0.000050 -0.000331 -0.000188 0.003862 -0.042568 2.595712
0.000034 -0.000273 -0.000274 0.003737 -0.042594 2.594548
-0.000132 -0.000342 -0.000072 0.004304 -0.042664 2.599371
-0.000034 -0.000237 -0.000114 0.004229 -0.042635 2.600314
0.000530 -0.000161 -0.000207 0.003878 -0.042584 2.597541
0.000534 -0.000193 -0.000177 0.003981 -0.042639 2.597390
-0.000033 -0.000276 -0.000124 0.004115 -0.042623 2.602236
-0.000158 -0.000268 -0.000232 0.003890 -0.042612 2.598592
0.000044 -0.000214 -0.000292 0.003694 -0.042590 2.598083
0.000041 -0.000248 -0.000293 0.003632 -0.042567 2.597874
0.000200 -0.000259 -0.000211 0.003912 -0.042638 2.594796
0.000139 -0.000249 -0.000144 0.004131 -0.042646 2.594284
-0.000239 -0.000297 -0.000217 0.004012 -0.042652 2.598021
-0.000233 -0.000271 -0.000289 0.003764 -0.042646 2.600902
0.000027 -0.000241 -0.000215 0.003888 -0.042617 2.599149
0.000160 -0.000209 -0.000202 0.003924 -0.042638 2.600257
0.000328 -0.000226 -0.000028 0.004326 -0.042662 2.599978
0.000150 -0.000237 -0.000030 0.004370 -0.042680 2.598687
0.000039 -0.000257 -0.000136 0.004098 -0.042653 2.599928
0.000225 -0.000219 -0.000133 0.004155 -0.042691 2.597592
0.000188 -0.000219 -0.000225 0.003972 -0.042696 2.595590
-0.000091 -0.000280 -0.000153 0.004235 -0.042747 2.598660
-0.000132 -0.000291 -0.000152 0.004184 -0.042704 2.600045
-0.000234 -0.000303 -0.000184 0.004131 -0.042692 2.599787
0.000305 -0.000218 -0.000054 0.004350 -0.042702 2.596605
0.000258 -0.000259 0.000085 0.004510 -0.042722 2.598456
0.000055 -0.000266 -0.000046 0.004363 -0.042680 2.597087
-0.000063 -0.000253 -0.000249 0.003913 -0.042681 2.596785
0.000115 -0.000200 -0.000315 0.003717 -0.042630 2.594103
0.000184 -0.000215 -0.000166 0.004127 -0.042686 2.595411
-0.000151 -0.000254 -0.000193 0.004119 -0.042697 2.597779
-0.000338 -0.000250 -0.000357 0.003660 -0.042662 2.598818
-0.000039 -0.000175 -0.000367 0.003688 -0.042700 2.597492
0.000588 -0.000163 -0.000318 0.003707 -0.042639 2.592439
0.000876 -0.000200 -0.000125 0.004084 -0.042613 2.591351
0.000260 -0.000194 -0.000160 0.004171 -0.042668 2.593153
-0.000456 -0.000286 -0.000307 0.003915 -0.042687 2.597809
-0.000223 -0.000314 -0.000189 0.004243 -0.042761 2.594304
0.000176 -0.000204 -0.000168 0.004289 -0.042797 2.593263
0.000285 -0.000194 -0.000173 0.004271 -0.042806 2.592940
0.000312 -0.000224 -0.000082 0.004379 -0.042787 2.593260
0.000003 -0.000271 -0.000121 0.004362 -0.042786 2.592191
-0.000103 -0.000283 -0.000159 0.004333 -0.042796 2.592611
-0.000031 -0.000248 -0.000275 0.004053 -0.042818 2.591698
0.000237 -0.000221 -0.000240 0.004093 -0.042769 2.588524
0.000167 -0.000239 -0.000192 0.004188 -0.042760 2.589371
-0.000019 -0.000226 -0.000295 0.004018 -0.042804 2.590031
0.000034 -0.000186 -0.000432 0.003668 -0.042801 2.588553
0.000040 -0.000165 -0.000423 0.003720 -0.042797 2.587536
0.000419 -0.000206 -0.000199 0.004174 -0.042783 2.587907
0.000397 -0.000265 0.000018 0.004477 -0.042814 2.591079
0.000278 -0.000237 -0.000105 0.004349 -0.042785 2.591063
0.000032 -0.000242 -0.000213 0.004150 -0.042789 2.591724
-0.000058 -0.000243 -0.000243 0.004080 -0.042765 2.591343
0.000506 -0.000188 -0.000140 0.004282 -0.042789 2.591307
0.000297 -0.000203 -0.000310 0.003890 -0.042797 2.590843
0.000291 -0.000219 -0.000219 0.004122 -0.042787 2.590043
0.000106 -0.000209 -0.000259 0.004102 -0.042834 2.591718
0.000230 -0.000199 -0.000260 0.004075 -0.042828 2.591436
0.000187 -0.000199 -0.000281 0.004064 -0.042847 2.590650
0.000275 -0.000161 -0.000331 0.003933 -0.042801 2.588823
0.000610 -0.000176 -0.000202 0.004194 -0.042817 2.589584
0.000201 -0.000238 -0.000095 0.004403 -0.042817 2.590878
-0.000044 -0.000259 -0.000182 0.004330 -0.042824 2.590226
0.000032 -0.000215 -0.000331 0.003945 -0.042833 2.589970
0.000601 -0.000188 -0.000225 0.004105 -0.042799 2.588880
0.000813 -0.000229 -0.000061 0.004352 -0.042786 2.590957
0.000677 -0.000277 -0.000078 0.004257 -0.042711 2.590048
0.000243 -0.000269 -0.000124 0.004278 -0.042751 2.590902
0.000001 -0.000296 -0.000163 0.004231 -0.042771 2.592335
0.000090 -0.000277 -0.000120 0.004342 -0.042818 2.592535
0.000216 -0.000246 -0.000170 0.004225 -0.042794 2.591158
0.000501 -0.000221 -0.000201 0.004103 -0.042772 2.589408
0.000499 -0.000214 -0.000206 0.004078 -0.042761 2.589776
0.000208 -0.000287 -0.000102 0.004328 -0.042791 2.590466
0.000173 -0.000282 -0.000131 0.004316 -0.042817 2.590612
0.000197 -0.000231 -0.000251 0.004053 -0.042814 2.590874
0.000308 -0.000208 -0.000220 0.004161 -0.042822 2.589157
0.000656 -0.000201 -0.000127 0.004318 -0.042806 2.589519
0.000176 -0.000254 -0.000140 0.004289 -0.042784 2.591196
0.000114 -0.000296 -0.000036 0.004412 -0.042788 2.593215
0.000150 -0.000241 -0.000112 0.004360 -0.042802 2.593569
0.000633 -0.000210 -0.000089 0.004318 -0.042739 2.591641
0.000697 -0.000248 -0.000011 0.004337 -0.042683 2.590913
0.000208 -0.000308 -0.000047 0.004295 -0.042693 2.594792
-0.000023 -0.000340 -0.000096 0.004271 -0.042704 2.594693
0.000107 -0.000278 -0.000179 0.004100 -0.042706 2.591864
0.000189 -0.000259 -0.000234 0.003956 -0.042676 2.589377
0.000222 -0.000251 -0.000216 0.004033 -0.042724 2.590094
0.000427 -0.000279 -0.000110 0.004228 -0.042720 2.589497
0.000615 -0.000246 -0.000124 0.004143 -0.042655 2.588904
0.000448 -0.000254 -0.000148 0.004128 -0.042668 2.587313
0.000211 -0.000263 -0.000178 0.004104 -0.042642 2.585862
0.000179 -0.000250 -0.000162 0.004178 -0.042657 2.586590
0.000223 -0.000268 -0.000194 0.004102 -0.042670 2.584613
0.000117 -0.000236 -0.000214 0.004162 -0.042724 2.584521
0.000344 -0.000264 -0.000104 0.004297 -0.042679 2.581416
0.000272 -0.000299 -0.000054 0.004353 -0.042689 2.580727
0.000043 -0.000329 -0.000024 0.004406 -0.042654 2.581317
0.000040 -0.000336 0.000032 0.004491 -0.042661 2.581475
0.000077 -0.000306 0.000002 0.004492 -0.042711 2.580813
0.000057 -0.000261 -0.000139 0.004349 -0.042737 2.581322
0.000311 -0.000276 0.000014 0.004483 -0.042744 2.582299
0.000400 -0.000278 -0.000103 0.004334 -0.042791 2.584281
0.000268 -0.000257 -0.000145 0.004329 -0.042805 2.585373
0.000234 -0.000353 -0.000032 0.004354 -0.042762 2.586694
0.000020 -0.000313 -0.000118 0.004334 -0.042781 2.587488
0.000334 -0.000268 -0.000127 0.004274 -0.042790 2.589205
0.000406 -0.000229 -0.000223 0.004002 -0.042722 2.588504
0.000310 -0.000256 -0.000212 0.004023 -0.042736 2.589530
0.000423 -0.000296 -0.000150 0.004075 -0.042698 2.589230
0.000081 -0.000332 -0.000134 0.004134 -0.042697 2.591877
-0.000079 -0.000383 -0.000066 0.004289 -0.042688 2.593771
-0.000000 -0.000357 -0.000074 0.004286 -0.042699 2.592211
0.000270 -0.000363 -0.000015 0.004294 -0.042690 2.589668
0.000513 -0.000314 0.000029 0.004371 -0.042729 2.589849
0.000436 -0.000305 -0.000056 0.004280 -0.042715 2.589422
0.000533 -0.000304 0.000024 0.004370 -0.042723 2.589446
0.000350 -0.000308 0.000013 0.004392 -0.042737 2.591156
0.000434 -0.000320 0.000089 0.004469 -0.042748 2.591182
0.000319 -0.000281 -0.000038 0.004378 -0.042764 2.590200
0.000112 -0.000267 -0.000229 0.004011 -0.042748 2.590753
0.000231 -0.000250 -0.000241 0.003968 -0.042722 2.588830
0.000405 -0.000334 0.000013 0.004348 -0.042698 2.587844
0.000467 -0.000352 0.000213 0.004564 -0.042687 2.590105
0.000493 -0.000329 0.000143 0.004459 -0.042628 2.588170
0.000234 -0.000319 0.000001 0.004336 -0.042619 2.587035
-0.000197 -0.000354 -0.000139 0.004254 -0.042644 2.588431
-0.000008 -0.000270 -0.000180 0.004144 -0.042663 2.587454
0.000692 -0.000265 -0.000094 0.004184 -0.042588 2.582176
0.000667 -0.000315 0.000017 0.004259 -0.042546 2.582821
-0.000022 -0.000423 0.000103 0.004468 -0.042604 2.587229
-0.000062 -0.000478 0.000150 0.004536 -0.042658 2.587604
0.000112 -0.000417 0.000153 0.004543 -0.042679 2.586807
0.000648 -0.000360 0.000119 0.004420 -0.042696 2.585847
0.000815 -0.000291 -0.000016 0.004302 -0.042655 2.583130
0.000782 -0.000267 -0.000034 0.004246 -0.042553 2.582606
0.000240 -0.000339 0.000001 0.004274 -0.042555 2.587253
-0.000170 -0.000392 -0.000140 0.004129 -0.042561 2.587778
-0.000042 -0.000339 -0.000191 0.004033 -0.042634 2.586902
0.000358 -0.000242 -0.000220 0.003981 -0.042642 2.584659
0.000224 -0.000306 -0.000168 0.004071 -0.042651 2.585574
0.000236 -0.000335 -0.000045 0.004316 -0.042702 2.585908
0.000294 -0.000294 -0.000122 0.004244 -0.042694 2.584267
0.000276 -0.000284 -0.000142 0.004246 -0.042701 2.582846
0.000352 -0.000336 0.000027 0.004394 -0.042684 2.583064
-0.000007 -0.000337 -0.000135 0.004246 -0.042665 2.583486
-0.000095 -0.000323 -0.000266 0.003985 -0.042693 2.582265
0.000088 -0.000290 -0.000264 0.004005 -0.042714 2.581439
0.000326 -0.000255 -0.000240 0.004054 -0.042708 2.580985
0.000390 -0.000292 -0.000152 0.004182 -0.042665 2.580142
0.000164 -0.000341 -0.000066 0.004288 -0.042636 2.580919
0.000132 -0.000375 0.000013 0.004353 -0.042622 2.583009
0.000157 -0.000363 0.000027 0.004393 -0.042641 2.582383
0.000062 -0.000398 0.000008 0.004356 -0.042619 2.582041
-0.000032 -0.000348 -0.000119 0.004243 -0.042612 2.582566
0.000177 -0.000313 -0.000168 0.004074 -0.042576 2.581108
0.000559 -0.000291 -0.000151 0.003964 -0.042472 2.579723
0.000878 -0.000222 -0.000100 0.003919 -0.042295 2.579662
0.000405 -0.000302 0.000015 0.004185 -0.042340 2.582638
-0.000021 -0.000399 0.000060 0.004267 -0.042331 2.585593
-0.000102 -0.000442 -0.000024 0.004121 -0.042315 2.586173
0.000004 -0.000440 0.000077 0.004254 -0.042355 2.586501
0.000004 -0.000436 0.000089 0.004236 -0.042279 2.584920
0.000184 -0.000394 0.000145 0.004284 -0.042279 2.585434
0.000063 -0.000417 0.000044 0.004170 -0.042312 2.587239
0.000092 -0.000432 -0.000020 0.004068 -0.042341 2.586936
0.000134 -0.000385 0.000029 0.004235 -0.042430 2.585841
-0.000040 -0.000404 -0.000060 0.004158 -0.042436 2.585058
-0.000095 -0.000403 -0.000058 0.004200 -0.042445 2.582767
-0.000053 -0.000371 -0.000056 0.004241 -0.042458 2.580438
0.000236 -0.000316 -0.000008 0.004326 -0.042519 2.576293
0.000108 -0.000348 0.000037 0.004362 -0.042475 2.577978
0.000090 -0.000379 0.000115 0.004469 -0.042510 2.579566
-0.000170 -0.000363 0.000018 0.004435 -0.042500 2.580215
-0.000021 -0.000345 -0.000048 0.004313 -0.042521 2.578819
-0.000351 -0.000332 -0.000265 0.003945 -0.042510 2.580172
-0.000112 -0.000253 -0.000247 0.003965 -0.042538 2.580880
0.000249 -0.000210 -0.000115 0.004296 -0.042613 2.583430
0.000468 -0.000251 0.000023 0.004370 -0.042581 2.585709
0.000053 -0.000274 0.000043 0.004490 -0.042611 2.588975
-0.000118 -0.000306 0.000009 0.004448 -0.042572 2.590371
0.000491 -0.000248 0.000089 0.004455 -0.042597 2.587149
0.000619 -0.000283 0.000264 0.004585 -0.042555 2.589698
0.000049 -0.000368 0.000202 0.004594 -0.042566 2.591927
-0.000213 -0.000437 0.000209 0.004690 -0.042562 2.592772
-0.000194 -0.000442 0.000188 0.004613 -0.042590 2.592738
-0.000020 -0.000333 0.000076 0.004502 -0.042627 2.591708
0.000038 -0.000309 0.000065 0.004462 -0.042590 2.591137
0.000497 -0.000302 0.000270 0.004617 -0.042603 2.591743
0.000432 -0.000354 0.000462 0.004973 -0.042588 2.594211
0.000339 -0.000377 0.000489 0.005009 -0.042543 2.595763
0.000165 -0.000366 0.000343 0.004820 -0.042530 2.592452
-0.000054 -0.000367 0.000183 0.004599 -0.042551 2.589921
0.000019 -0.000371 0.000234 0.004643 -0.042498 2.586107
-0.000034 -0.000323 0.000179 0.004591 -0.042419 2.583791
0.000121 -0.000265 0.000125 0.004499 -0.042441 2.581331
0.000375 -0.000212 0.000069 0.004328 -0.042328 2.579685
0.000103 -0.000260 0.000054 0.004336 -0.042311 2.578639
0.000068 -0.000247 0.000166 0.004530 -0.042222 2.583050
0.000167 -0.000276 0.000153 0.004399 -0.042289 2.584052
0.000184 -0.000279 0.000189 0.004396 -0.042201 2.586155
-0.000278 -0.000360 0.000053 0.004298 -0.042228 2.585985
-0.000143 -0.000331 0.000044 0.004222 -0.042151 2.584507
-0.000296 -0.000317 -0.000094 0.003905 -0.042077 2.584620
-0.000060 -0.000259 -0.000066 0.003898 -0.042071 2.583062
0.000286 -0.000201 -0.000055 0.003654 -0.041921 2.583726
-0.000057 -0.000278 -0.000257 0.003176 -0.041893 2.580225
0.000175 -0.000243 -0.000083 0.003567 -0.041882 2.582301
0.000348 -0.000211 0.000064 0.004137 -0.042025 2.579444
0.000880 -0.000196 0.000070 0.003965 -0.041977 2.579114
-0.000114 -0.000384 -0.000069 0.003740 -0.041945 2.578828
-0.001297 -0.000488 -0.000371 0.002966 -0.041782 2.583606
0.000076 -0.000189 -0.000445 0.002778 -0.041924 2.581631
0.005150 0.000049 -0.001053 0.001148 -0.040892 2.565514
0.002918 -0.000155 -0.000147 0.002660 -0.041302 2.580226
-0.001871 -0.000404 -0.000487 0.002354 -0.041362 2.592177
-0.002796 -0.000506 -0.000514 0.002275 -0.041244 2.592693
-0.000662 -0.000335 -0.000334 0.003027 -0.041771 2.584363
0.000059 -0.000220 -0.000002 0.003932 -0.041966 2.586910
0.000303 -0.000176 0.000029 0.004027 -0.042040 2.587655
-0.000333 -0.000290 -0.000219 0.003499 -0.042018 2.587223
-0.000326 -0.000236 -0.000295 0.003346 -0.042060 2.587971
-0.000007 -0.000186 -0.000138 0.003749 -0.042104 2.586975
0.000818 -0.000195 0.000048 0.003924 -0.042034 2.587531
0.000387 -0.000318 0.000169 0.004172 -0.042060 2.587339
0.000061 -0.000362 0.000122 0.004149 -0.042051 2.590599
0.000163 -0.000340 0.000118 0.004147 -0.042078 2.589296
0.000699 -0.000323 0.000233 0.004222 -0.042125 2.588888
0.000318 -0.000291 0.000019 0.003900 -0.042118 2.590614
-0.000229 -0.000330 -0.000082 0.004053 -0.042251 2.587837
-0.000028 -0.000214 -0.000001 0.004320 -0.042304 2.586146
-0.000407 -0.000308 -0.000168 0.004034 -0.042274 2.580837
-0.001913 -0.000346 -0.000638 0.002705 -0.042013 2.584977
-0.001097 -0.000331 -0.000521 0.002943 -0.042140 2.582881
0.000116 -0.000230 -0.000207 0.003571 -0.042154 2.580062
0.000936 -0.000275 0.000416 0.004637 -0.042221 2.583100
0.000401 -0.000360 0.000466 0.004823 -0.042274 2.587206
0.000361 -0.000291 0.000310 0.004624 -0.042237 2.586169
-0.000156 -0.000285 -0.000192 0.003627 -0.042134 2.581626
0.000008 -0.000219 -0.000489 0.002872 -0.042151 2.578535
0.000448 -0.000204 -0.000047 0.004004 -0.042218 2.578917
0.000272 -0.000308 0.000297 0.004610 -0.042242 2.584656
-0.000126 -0.000461 0.000520 0.005055 -0.042209 2.587216
0.000157 -0.000362 0.000345 0.004672 -0.042207 2.586351
0.000350 -0.000321 0.000323 0.004569 -0.042211 2.586093
-0.000006 -0.000422 0.000155 0.004263 -0.042166 2.584715
-0.000060 -0.000432 0.000193 0.004312 -0.042144 2.586978
0.000088 -0.000412 0.000175 0.004240 -0.042162 2.588767
0.000566 -0.000370 0.000289 0.004295 -0.042172 2.588155
0.000051 -0.000420 0.000171 0.004271 -0.042174 2.583529
0.000006 -0.000411 0.000242 0.004417 -0.042183 2.583097
-0.000624 -0.000592 0.000144 0.004242 -0.042090 2.586066
-0.000684 -0.000413 -0.000173 0.003640 -0.041854 2.581782
-0.000201 -0.000290 -0.000197 0.003455 -0.041868 2.577358
0.000918 -0.000266 -0.000019 0.003634 -0.041857 2.573217
0.000809 -0.000261 -0.000026 0.003859 -0.042037 2.570469
0.000129 -0.000287 -0.000081 0.003867 -0.042045 2.569511
0.000075 -0.000311 0.000026 0.004137 -0.042078 2.573229
0.000433 -0.000259 0.000064 0.004182 -0.042183 2.577619
0.000101 -0.000321 0.000140 0.004329 -0.042159 2.575892
0.000065 -0.000420 0.000148 0.004300 -0.042178 2.570622
0.000335 -0.000353 0.000202 0.004370 -0.042197 2.568153
0.000181 -0.000300 0.000014 0.004167 -0.042133 2.565730
-0.000133 -0.000395 -0.000146 0.003774 -0.042070 2.563557
0.000145 -0.000296 -0.000585 0.002573 -0.042003 2.560170
-0.000028 -0.000253 -0.000765 0.002176 -0.041914 2.556139
0.000631 -0.000251 -0.000535 0.002660 -0.041879 2.555704
0.000813 -0.000292 -0.000165 0.003377 -0.041884 2.560484
0.000360 -0.000348 0.000225 0.004310 -0.042055 2.566907
-0.000204 -0.000543 0.000156 0.004188 -0.041967 2.567011
-0.000141 -0.000596 0.000085 0.004027 -0.041976 2.562858
-0.000056 -0.000544 0.000046 0.003934 -0.041897 2.561942
0.001115 -0.000342 -0.000094 0.003362 -0.041811 2.560697
0.000986 -0.000370 -0.000022 0.003452 -0.041797 2.567136
0.000303 -0.000430 0.000255 0.004199 -0.041902 2.566490
-0.000694 -0.000625 0.000173 0.004125 -0.041743 2.567641
-0.001272 -0.000620 0.000011 0.003986 -0.041645 2.560162
-0.000640 -0.000439 -0.000304 0.003304 -0.041777 2.551293
-0.000083 -0.000149 -0.000925 0.001905 -0.041751 2.540786
0.000630 -0.000248 -0.000576 0.002525 -0.041716 2.538207
0.000373 -0.000313 -0.000165 0.003382 -0.041733 2.545544
0.000536 -0.000335 -0.000016 0.003711 -0.041832 2.555127
0.000664 -0.000330 0.000107 0.003994 -0.041823 2.557805
0.000314 -0.000434 0.000256 0.004208 -0.041865 2.558651
0.000396 -0.000504 0.000425 0.004378 -0.041973 2.562827
-0.000001 -0.000575 0.000250 0.004247 -0.041980 2.560371
-0.000368 -0.000494 -0.000211 0.003547 -0.041967 2.555495
0.000450 -0.000354 0.000073 0.004166 -0.042119 2.555272
0.001911 -0.000328 0.000414 0.004420 -0.042073 2.555840
0.002256 -0.000509 0.001132 0.004899 -0.042060 2.567543
0.000719 -0.000471 0.000333 0.004234 -0.042003 2.562984
-0.000055 -0.000528 0.000285 0.004333 -0.041983 2.565179
0.000659 -0.000363 0.000074 0.004072 -0.042105 2.565075
-0.001661 -0.000573 -0.000524 0.002712 -0.041792 2.560939
-0.001554 -0.000546 -0.000451 0.002920 -0.041647 2.546304
-0.000185 -0.000498 0.000045 0.004024 -0.041753 2.543512
0.001119 -0.000367 0.000113 0.003951 -0.041774 2.546157
0.001532 -0.000309 0.000175 0.004114 -0.041908 2.549729
0.000357 -0.000328 0.000092 0.004226 -0.042055 2.549851
-0.000172 -0.000407 0.000092 0.004298 -0.041970 2.548301
-0.000166 -0.000400 0.000064 0.004271 -0.041960 2.544079
-0.000303 -0.000389 -0.000027 0.004112 -0.041737 2.531341
-0.000292 -0.000371 -0.000055 0.004049 -0.041696 2.531414
0.000095 -0.000337 0.000052 0.004125 -0.041753 2.532390
0.000498 -0.000350 0.000196 0.004201 -0.041753 2.530847
0.000202 -0.000308 0.000015 0.004074 -0.041771 2.531749
-0.000268 -0.000360 -0.000077 0.004025 -0.041656 2.523758
0.000038 -0.000349 0.000211 0.004320 -0.041667 2.529649
0.000661 -0.000310 0.000332 0.004378 -0.041799 2.537967
0.000452 -0.000243 0.000015 0.004092 -0.041830 2.536626
0.000138 -0.000296 -0.000022 0.004054 -0.041851 2.538350
0.000445 -0.000364 0.000195 0.004222 -0.041874 2.541333
0.000196 -0.000426 0.000219 0.004255 -0.041870 2.545086
0.000031 -0.000416 0.000193 0.004310 -0.041895 2.543988
-0.000014 -0.000362 0.000174 0.004321 -0.041850 2.544872
-0.000043 -0.000317 -0.000001 0.004124 -0.041896 2.548955
-0.000216 -0.000288 -0.000048 0.004123 -0.041935 2.558002
0.000117 -0.000306 0.000065 0.004156 -0.041956 2.559749
0.000282 -0.000213 -0.000020 0.004002 -0.041997 2.563838
-0.000105 -0.000384 0.000091 0.004159 -0.041897 2.564394
0.000217 -0.000389 0.000246 0.004360 -0.042093 2.569061
0.000618 -0.000293 0.000258 0.004430 -0.042234 2.572875
-0.000199 -0.000458 0.000138 0.004364 -0.042213 2.573076
0.000294 -0.000396 0.000235 0.004330 -0.042105 2.568889
0.001053 -0.000305 0.000288 0.004336 -0.042098 2.569437
-0.000106 -0.000419 0.000099 0.004237 -0.042065 2.569830
-0.000652 -0.000571 0.000135 0.004250 -0.041986 2.574427
0.000297 -0.000390 0.000248 0.004369 -0.042156 2.572954
0.000986 -0.000269 0.000489 0.004703 -0.042186 2.575943
0.001316 -0.000238 0.000466 0.004738 -0.042375 2.585106
-0.000111 -0.000386 0.000252 0.004672 -0.042359 2.583229
-0.000730 -0.000602 0.000126 0.004316 -0.042139 2.573988
-0.000928 -0.000524 -0.000101 0.004018 -0.042012 2.576141
-0.000459 -0.000512 0.000012 0.004135 -0.042064 2.571781
0.000247 -0.000348 0.000180 0.004382 -0.042286 2.578092
0.000699 -0.000254 0.000399 0.004766 -0.042365 2.583103
0.000592 -0.000282 0.000453 0.004963 -0.042498 2.584083
0.000163 -0.000374 0.000407 0.004920 -0.042521 2.587913
0.000398 -0.000310 0.000323 0.004740 -0.042571 2.591018
0.000547 -0.000303 0.000320 0.004680 -0.042579 2.586454
0.000526 -0.000319 0.000285 0.004626 -0.042536 2.581671
0.000107 -0.000279 0.000064 0.004486 -0.042622 2.589424
-0.000109 -0.000401 0.000180 0.004604 -0.042536 2.584682
-0.000041 -0.000411 0.000148 0.004548 -0.042591 2.585654
-0.000110 -0.000370 -0.000025 0.004332 -0.042568 2.586424
-0.000193 -0.000338 -0.000136 0.004190 -0.042511 2.582124
0.000219 -0.000291 0.000097 0.004487 -0.042587 2.583059
0.000141 -0.000289 0.000110 0.004538 -0.042624 2.587790
0.000319 -0.000291 0.000188 0.004609 -0.042691 2.591619
0.000427 -0.000326 0.000184 0.004555 -0.042728 2.592982
0.000472 -0.000320 0.000061 0.004384 -0.042683 2.589134
0.000619 -0.000268 -0.000023 0.004300 -0.042699 2.592996
0.000157 -0.000291 -0.000068 0.004342 -0.042786 2.595403
-0.000126 -0.000307 -0.000073 0.004393 -0.042817 2.603638
-0.000032 -0.000292 -0.000103 0.004269 -0.042801 2.603441
0.000689 -0.000156 0.000026 0.004503 -0.042882 2.605230
0.000683 -0.000193 0.000047 0.004512 -0.042929 2.606232
0.000798 -0.000229 0.000297 0.004834 -0.042912 2.605700
0.000458 -0.000363 0.000284 0.004674 -0.042850 2.603524
0.000069 -0.000300 0.000000 0.004418 -0.042801 2.603518
0.000123 -0.000271 -0.000022 0.004387 -0.042789 2.603986
0.000018 -0.000261 -0.000170 0.004039 -0.042760 2.602985
-0.000054 -0.000322 -0.000195 0.003859 -0.042698 2.602818
-0.000143 -0.000309 -0.000194 0.003946 -0.042745 2.605141
-0.000201 -0.000351 -0.000121 0.004101 -0.042735 2.610101
-0.000314 -0.000468 0.000034 0.004335 -0.042674 2.611088
0.000172 -0.000325 0.000115 0.004397 -0.042723 2.616663
0.001452 -0.000258 0.000161 0.004391 -0.042798 2.616795
0.002703 -0.000313 0.000374 0.004522 -0.042836 2.616130
0.003326 -0.000317 0.000371 0.004384 -0.042620 2.611744
0.000615 -0.000278 0.000150 0.004444 -0.042781 2.614119
-0.000413 -0.000450 -0.000077 0.004180 -0.042738 2.619762
-0.000182 -0.000311 -0.000124 0.004164 -0.042816 2.615288
-0.000467 -0.000308 -0.000260 0.003927 -0.042818 2.616397
-0.000287 -0.000271 -0.000151 0.004247 -0.042841 2.613347
0.000095 -0.000233 0.000086 0.004640 -0.042907 2.612040
0.000226 -0.000233 0.000163 0.004795 -0.042990 2.623439
0.000481 -0.000206 0.000109 0.004584 -0.043035 2.624185
0.000477 -0.000229 0.000037 0.004433 -0.042882 2.613309
0.000662 -0.000197 0.000070 0.004469 -0.042874 2.614281
0.000348 -0.000202 -0.000029 0.004417 -0.042874 2.610623
-0.000178 -0.000239 -0.000187 0.004121 -0.042893 2.615827
-0.000028 -0.000209 -0.000183 0.003995 -0.042900 2.621893
0.000248 -0.000136 -0.000044 0.004360 -0.042996 2.627703
0.000186 -0.000203 0.000096 0.004715 -0.043003 2.630635
0.000534 -0.000141 0.000105 0.004595 -0.042929 2.636019
0.000581 -0.000219 0.000076 0.004392 -0.043050 2.637390
0.000678 -0.000161 0.000011 0.004204 -0.042856 2.631232
0.000407 -0.000142 -0.000045 0.004193 -0.042957 2.636734
0.000024 -0.000171 -0.000261 0.003688 -0.042893 2.633201
-0.000315 -0.000275 -0.000195 0.003865 -0.042933 2.642230
0.000371 -0.000127 0.000004 0.004273 -0.042903 2.642496
0.000482 -0.000095 0.000050 0.004529 -0.042965 2.644788
0.000162 -0.000190 -0.000008 0.004267 -0.043009 2.649573
0.000162 -0.000127 -0.000117 0.003994 -0.043003 2.649166
0.000471 -0.000087 -0.000012 0.004331 -0.043045 2.652780
0.001233 -0.000029 -0.000084 0.003988 -0.042994 2.650048
0.000704 -0.000045 -0.000140 0.003955 -0.042950 2.643430
-0.000101 -0.000163 -0.000202 0.003925 -0.042968 2.638609
-0.000083 -0.000135 -0.000162 0.004066 -0.043036 2.645941
-0.000158 -0.000147 -0.000316 0.003682 -0.043053 2.645662
0.000389 -0.000049 -0.000300 0.003746 -0.043109 2.645436
0.000466 -0.000138 -0.000170 0.003861 -0.042985 2.642543
0.000417 -0.000181 -0.000126 0.004002 -0.043025 2.637241
0.000508 -0.000148 -0.000019 0.004317 -0.043031 2.635147
0.000256 -0.000143 -0.000008 0.004512 -0.043043 2.630200
0.000180 -0.000226 0.000097 0.004709 -0.043082 2.632069
0.000014 -0.000165 -0.000050 0.004416 -0.043026 2.637406
0.000226 -0.000265 -0.000088 0.004130 -0.043091 2.631749
0.000090 -0.000258 -0.000229 0.003737 -0.042940 2.627959
0.000479 -0.000168 -0.000172 0.003923 -0.042953 2.627447
0.000204 -0.000236 -0.000176 0.003939 -0.042973 2.625072
0.000098 -0.000224 -0.000179 0.003954 -0.042975 2.627003
0.000248 -0.000206 -0.000204 0.003923 -0.042988 2.623694
0.000440 -0.000220 -0.000139 0.004033 -0.042973 2.622120
0.000564 -0.000237 0.000038 0.004373 -0.042913 2.622304
0.000343 -0.000254 -0.000037 0.004256 -0.042912 2.619584
0.000461 -0.000200 -0.000104 0.004106 -0.042908 2.620719
0.000636 -0.000217 -0.000129 0.003952 -0.042825 2.617259
0.000851 -0.000190 -0.000161 0.003871 -0.042816 2.617023
0.000145 -0.000263 -0.000183 0.003816 -0.042770 2.616879
0.000152 -0.000213 -0.000218 0.003815 -0.042793 2.617249
-0.000073 -0.000290 -0.000184 0.003881 -0.042789 2.617793
0.000281 -0.000245 -0.000149 0.003856 -0.042798 2.622133
0.000019 -0.000292 -0.000104 0.004031 -0.042825 2.624302
0.000011 -0.000323 -0.000133 0.004025 -0.042888 2.620189
0.000356 -0.000315 0.000033 0.004297 -0.042784 2.616156
0.000072 -0.000320 -0.000049 0.004143 -0.042679 2.611901
0.000130 -0.000286 0.000010 0.004309 -0.042675 2.611928
0.000490 -0.000274 0.000120 0.004426 -0.042688 2.604771
0.000206 -0.000308 0.000140 0.004490 -0.042661 2.602173
0.000449 -0.000297 0.000280 0.004647 -0.042690 2.602634
0.000575 -0.000305 0.000328 0.004614 -0.042529 2.595408
0.000187 -0.000374 0.000119 0.004344 -0.042424 2.586545
0.000073 -0.000309 0.000034 0.004264 -0.042335 2.586469
-0.000021 -0.000278 -0.000120 0.004064 -0.042319 2.579807
0.000244 -0.000261 -0.000080 0.004093 -0.042343 2.578017
0.000670 -0.000185 -0.000152 0.004002 -0.042396 2.576302
0.000565 -0.000179 -0.000345 0.003610 -0.042418 2.574539
0.000223 -0.000290 -0.000270 0.003817 -0.042551 2.577653
0.000129 -0.000233 -0.000335 0.003768 -0.042573 2.578746
-0.000218 -0.000319 -0.000244 0.004003 -0.042531 2.580857
0.000230 -0.000204 -0.000332 0.003755 -0.042583 2.583212
0.000325 -0.000200 -0.000262 0.004010 -0.042621 2.580380
0.000131 -0.000195 -0.000370 0.003719 -0.042541 2.576246
0.000290 -0.000163 -0.000279 0.004013 -0.042576 2.576154
0.000119 -0.000156 -0.000352 0.003886 -0.042645 2.577289
0.000001 -0.000218 -0.000297 0.004020 -0.042670 2.577552
-0.000019 -0.000326 -0.000254 0.003954 -0.042528 2.572473
-0.000088 -0.000293 -0.000394 0.003588 -0.042483 2.572711
0.000121 -0.000287 -0.000217 0.004011 -0.042482 2.572415
0.000249 -0.000220 -0.000158 0.004208 -0.042534 2.575862
0.000392 -0.000179 -0.000065 0.004361 -0.042534 2.574686
0.000282 -0.000242 -0.000067 0.004283 -0.042477 2.573720
0.000227 -0.000233 -0.000182 0.004096 -0.042474 2.570694
0.000255 -0.000304 -0.000115 0.004088 -0.042291 2.565398
0.000143 -0.000337 -0.000166 0.003907 -0.042252 2.565305
0.000130 -0.000353 -0.000158 0.003879 -0.042204 2.562810
0.000084 -0.000275 -0.000237 0.003755 -0.042165 2.562442
0.000027 -0.000133 -0.000272 0.003885 -0.042246 2.563779
-0.000129 -0.000159 -0.000194 0.004145 -0.042282 2.566513
-0.000127 -0.000138 -0.000199 0.004211 -0.042333 2.567220
-0.000072 -0.000185 -0.000307 0.003764 -0.042171 2.557271
0.000007 -0.000209 -0.000357 0.003507 -0.042012 2.549094
0.000332 -0.000212 -0.000273 0.003592 -0.041948 2.544919
0.000093 -0.000121 -0.000175 0.004040 -0.041994 2.547116
-0.000207 -0.000186 -0.000257 0.003847 -0.041890 2.540123
0.000362 -0.000198 -0.000166 0.003856 -0.041877 2.535230
0.000701 -0.000286 -0.000152 0.003788 -0.041845 2.530565
-0.000078 -0.000311 -0.000274 0.003417 -0.041630 2.530791
-0.000288 -0.000266 -0.000349 0.003355 -0.041713 2.533947
-0.000092 -0.000370 0.000043 0.004167 -0.041789 2.541014
0.000447 -0.000013 -0.000088 0.004149 -0.041814 2.544986
0.000617 -0.000099 0.000190 0.004464 -0.041876 2.542421
0.000520 -0.000154 0.000192 0.004447 -0.041901 2.542245
-0.000196 -0.000221 -0.000006 0.004287 -0.041850 2.542837
-0.000431 -0.000314 -0.000132 0.004015 -0.041603 2.525539
-0.000270 -0.000223 -0.000169 0.003892 -0.041541 2.522569
-0.000188 -0.000193 -0.000125 0.004065 -0.041572 2.518441
0.000061 -0.000211 0.000016 0.004189 -0.041601 2.517323
0.000742 -0.000128 0.000098 0.004231 -0.041613 2.518990
0.000528 -0.000119 0.000090 0.004256 -0.041630 2.523798
-0.000281 -0.000132 -0.000165 0.004037 -0.041508 2.520298
-0.001073 -0.000117 -0.000411 0.003433 -0.041247 2.504698
-0.001219 -0.000157 -0.000322 0.003709 -0.041134 2.489339
-0.000214 -0.000098 -0.000072 0.004229 -0.041466 2.505397
0.000505 0.000003 0.000127 0.004418 -0.041537 2.508029
0.000422 0.000013 0.000140 0.004460 -0.041520 2.505811
0.000190 -0.000095 0.000199 0.004487 -0.041440 2.501229
-0.000249 -0.000115 -0.000103 0.004108 -0.041288 2.496336
-0.000394 -0.000042 -0.000321 0.003480 -0.040981 2.473480
-0.000375 0.000008 -0.000272 0.003660 -0.040750 2.451705
-0.000257 0.000024 -0.000186 0.003925 -0.040680 2.438171
-0.000418 -0.000052 -0.000064 0.004103 -0.040569 2.434567
-0.000232 -0.000038 0.000030 0.004198 -0.040499 2.422927
0.000179 0.000063 0.000117 0.004324 -0.040624 2.427141
0.000164 0.000091 -0.000010 0.004163 -0.040590 2.425099
-0.000119 0.000034 -0.000063 0.004150 -0.040754 2.445336
-0.000123 0.000035 0.000021 0.004284 -0.040709 2.437801
-0.000362 0.000008 0.000006 0.004281 -0.040540 2.423298
-0.000001 0.000071 0.000169 0.004466 -0.040594 2.427233
0.000236 0.000127 0.000150 0.004452 -0.040716 2.432562
-0.000029 0.000093 0.000077 0.004452 -0.040817 2.438917
-0.000138 0.000075 0.000083 0.004487 -0.040815 2.438927
-0.000073 0.000129 0.000013 0.004407 -0.040793 2.435043
-0.000353 0.000194 -0.000145 0.004313 -0.040706 2.426986
-0.000403 0.000225 -0.000213 0.004209 -0.040562 2.417391
-0.000475 0.000219 -0.000250 0.004118 -0.040534 2.417760
-0.000325 0.000233 -0.000159 0.004230 -0.040467 2.413361
-0.000274 0.000199 -0.000096 0.004224 -0.040413 2.417866
-0.000147 0.000239 -0.000251 0.003804 -0.040452 2.419450
-0.000127 0.000245 -0.000231 0.003749 -0.040268 2.411812
0.000094 0.000288 -0.000235 0.003669 -0.040297 2.421098
-0.000010 0.000336 -0.000257 0.003700 -0.040272 2.422425
-0.000036 0.000355 0.000055 0.004591 -0.040212 2.431276
-0.000441 0.000322 0.000155 0.005106 -0.040152 2.427630
-0.000420 0.000504 0.000140 0.005276 -0.039880 2.416933
-0.000131 0.000497 0.000075 0.004727 -0.039567 2.383573
-0.000031 0.000333 -0.000003 0.004019 -0.039398 2.367359
-0.000453 0.000180 -0.000145 0.003661 -0.039257 2.358768
-0.000404 0.000091 -0.000011 0.003846 -0.039205 2.357258
0.000099 0.000132 0.000185 0.003950 -0.039185 2.361814
-0.000239 -0.000005 0.000203 0.003960 -0.039102 2.353806
0.000308 -0.000046 0.000265 0.003835 -0.039211 2.359519
0.000583 -0.000011 0.000071 0.003278 -0.039060 2.347381
0.000367 -0.000001 -0.000035 0.003065 -0.038938 2.335110
0.000131 0.000021 0.000176 0.003738 -0.038894 2.336955
0.000240 0.000017 0.000238 0.003789 -0.038892 2.334979
0.000455 -0.000046 0.000212 0.003596 -0.038816 2.323343
-0.000473 -0.000106 0.000026 0.003362 -0.038502 2.312249
-0.000289 -0.000173 -0.000057 0.002991 -0.038494 2.297253
0.000432 -0.000104 -0.000039 0.002803 -0.038519 2.291842
-0.000187 -0.000265 -0.000011 0.003067 -0.038419 2.268370
-0.000375 -0.000310 0.000035 0.003173 -0.038401 2.278744
-0.001317 -0.000545 0.000522 0.003640 -0.038290 2.258220
-0.002521 -0.000696 0.000622 0.003347 -0.037783 2.235957
-0.001305 -0.000679 0.000180 0.002916 -0.037730 2.226627
-0.000045 -0.000522 0.000071 0.002307 -0.037736 2.232319
0.003213 -0.000480 0.000181 0.002045 -0.037903 2.257626
0.004759 -0.000356 0.000391 0.002473 -0.037891 2.259675
0.001282 -0.000525 0.000644 0.003296 -0.037929 2.233455
-0.002598 -0.000830 0.000909 0.003369 -0.037459 2.196811
-0.001134 -0.000836 0.000010 0.002286 -0.037411 2.184826
-0.001411 -0.000922 -0.000050 0.001974 -0.037233 2.166104
-0.001259 -0.000859 -0.000160 0.001717 -0.037226 2.158366
0.000365 -0.000637 0.000193 0.002209 -0.037189 2.163284
-0.000074 -0.000731 0.000344 0.002865 -0.037137 2.152174
-0.000860 -0.000811 0.000065 0.002356 -0.037033 2.140477
-0.000366 -0.000560 -0.000236 0.001445 -0.036982 2.140511
-0.000358 -0.000411 -0.000360 0.001301 -0.036910 2.127731
0.000220 -0.000294 -0.000203 0.001722 -0.037002 2.140405
-0.000194 -0.000436 -0.000163 0.001670 -0.036898 2.139386
-0.000413 -0.000491 -0.000079 0.001922 -0.036798 2.137418
-0.000438 -0.000559 -0.000001 0.002117 -0.036729 2.128812
-0.000228 -0.000593 0.000124 0.002269 -0.036607 2.122350
-0.000029 -0.000447 -0.000000 0.001975 -0.036759 2.131682
-0.000241 -0.000459 0.000039 0.002234 -0.036706 2.129218
0.000183 -0.000375 0.000015 0.001981 -0.036847 2.144984
-0.000311 -0.000560 0.000166 0.002583 -0.036768 2.133585
-0.000729 -0.000594 0.000132 0.002527 -0.036686 2.127387
-0.001066 -0.000642 -0.000012 0.002261 -0.036827 2.131165
-0.000145 -0.000463 -0.000095 0.001848 -0.036917 2.138221
-0.000283 -0.000521 0.000077 0.002290 -0.036761 2.133762
-0.000257 -0.000394 -0.000373 0.001117 -0.036922 2.144128
-0.000348 -0.000443 -0.000022 0.002196 -0.036788 2.130740
-0.000468 -0.000653 0.000118 0.002243 -0.036499 2.115638
0.000804 -0.000525 0.000248 0.002190 -0.036555 2.112561
0.002010 -0.000542 0.000301 0.002146 -0.036616 2.121429
0.000208 -0.000549 0.000055 0.001703 -0.036493 2.118076
-0.002049 -0.000749 -0.000270 0.001140 -0.036084 2.083269
-0.001071 -0.000552 -0.000350 0.001014 -0.036241 2.092606
-0.000509 -0.000466 -0.000228 0.001345 -0.036201 2.089149
-0.001325 -0.000499 -0.000177 0.001523 -0.035848 2.071809
-0.000099 -0.000505 -0.000029 0.001393 -0.035649 2.061939
0.000694 -0.000364 -0.000157 0.001022 -0.035440 2.040932
-0.000114 -0.000483 0.000123 0.001813 -0.035165 2.023293
-0.000547 -0.000699 0.000142 0.001526 -0.034792 2.006207
0.001093 -0.000126 0.000382 0.002186 -0.034561 1.988973
0.000001 -0.000191 0.000412 0.002511 -0.034254 1.962861
-0.000265 -0.000091 0.000841 0.002911 -0.033885 1.948200
0.000241 0.000038 0.001037 0.003172 -0.033919 1.935279
-0.001359 0.000214 0.000942 0.003402 -0.033678 1.908231
-0.000943 0.000244 0.000539 0.003172 -0.033613 1.896924
-0.000375 0.000368 0.000000 0.002419 -0.033370 1.877556
0.000136 0.000476 -0.000146 0.001700 -0.033300 1.889309
0.000361 0.000451 -0.000224 0.001243 -0.032988 1.873419
0.000056 0.000371 -0.000170 0.001368 -0.032939 1.867408
-0.000430 0.000249 -0.000041 0.001814 -0.032926 1.866637
-0.000726 0.000127 0.000095 0.001948 -0.032657 1.852296
-0.000810 0.000208 -0.000223 0.001137 -0.032612 1.847332
-0.000737 0.000278 -0.000303 0.000875 -0.032350 1.836800
-0.001205 0.000184 -0.000266 0.000878 -0.032305 1.833928
-0.000450 0.000354 0.000041 0.002043 -0.032388 1.828136
-0.000180 0.000321 0.000503 0.002859 -0.032530 1.829400
-0.000716 0.000260 0.000938 0.003053 -0.032401 1.824631
-0.000648 0.000284 0.001485 0.003368 -0.032432 1.820795
0.000165 0.000479 0.001276 0.003244 -0.032028 1.794812
0.000648 0.000438 0.001330 0.003154 -0.031991 1.793510
0.000003 0.000432 0.001194 0.003186 -0.031989 1.789053
0.000100 0.000607 0.001383 0.003553 -0.032042 1.791412
0.000348 0.000559 0.001224 0.003240 -0.031686 1.763196
0.000261 0.000811 0.000997 0.003351 -0.031440 1.742712
0.000030 0.001080 0.000681 0.003497 -0.031337 1.739752
-0.000093 0.001144 0.000924 0.003794 -0.031117 1.728404
0.000037 0.001303 0.001181 0.004105 -0.030905 1.724261
0.000303 0.001284 0.001203 0.003992 -0.030660 1.699885
0.000031 0.001589 0.001053 0.004275 -0.030452 1.685807
0.000433 0.002037 0.000602 0.004168 -0.030150 1.668985
-0.000196 0.003218 0.000386 0.004929 -0.029894 1.660739
-0.000719 0.004378 0.000585 0.006233 -0.029606 1.643090
0.000041 0.005471 0.000409 0.006631 -0.029277 1.618224
0.000140 0.007615 0.000257 0.008036 -0.029467 1.620587
0.000417 0.009625 0.000051 0.008696 -0.029247 1.604599
0.000635 0.011893 0.000031 0.009816 -0.028828 1.593911
0.000532 0.013365 0.000264 0.011484 -0.028548 1.584319
0.000452 0.013495 0.000624 0.012455 -0.028245 1.569257
0.000023 0.013944 0.001480 0.014674 -0.027998 1.555094
-0.000045 0.014697 0.001291 0.014976 -0.028316 1.575309
0.000047 0.015419 0.001243 0.015721 -0.028351 1.583133
0.000112 0.016526 0.001527 0.017246 -0.027761 1.552616
-0.000062 0.016822 0.000794 0.015865 -0.027828 1.556721
0.001338 0.017867 0.001019 0.016951 -0.027221 1.527130
0.000614 0.018775 0.000804 0.017345 -0.027392 1.543133
-0.001110 0.019455 0.001167 0.018703 -0.027286 1.552633
-0.000823 0.020082 0.000946 0.018647 -0.026718 1.511461
-0.000096 0.020869 0.000616 0.018528 -0.026607 1.503170
-0.000026 0.020973 0.000159 0.016955 -0.026385 1.484313
0.000502 0.022537 0.000316 0.018721 -0.026244 1.486125
0.000579 0.023889 0.000404 0.019993 -0.025961 1.482269
-0.000152 0.025382 0.000303 0.021135 -0.025837 1.477742
-0.000616 0.024682 0.001058 0.022788 -0.025962 1.484066
-0.001656 0.025024 0.000991 0.022686 -0.025735 1.473985
-0.000955 0.024264 0.001294 0.023116 -0.026157 1.481512
0.000999 0.024943 0.002632 0.026009 -0.026391 1.507493
0.002591 0.024723 0.001973 0.024440 -0.025812 1.467705
0.001421 0.025071 0.002463 0.025808 -0.025481 1.456890
0.000842 0.026122 0.001414 0.024675 -0.025477 1.455601
0.000608 0.026819 0.001268 0.025002 -0.025205 1.446156
-0.000333 0.026569 0.000861 0.024096 -0.025268 1.441965
0.000322 0.027047 0.000733 0.023761 -0.025135 1.439445
0.001289 0.026810 0.001139 0.024555 -0.025391 1.452664
0.001429 0.025514 0.001481 0.024515 -0.025821 1.463520
0.000614 0.025406 0.001403 0.024358 -0.025569 1.451638
-0.000506 0.026269 0.000804 0.023317 -0.024954 1.431785
-0.000209 0.026410 0.000673 0.023251 -0.025088 1.435207
0.000581 0.026330 0.000654 0.023127 -0.025371 1.448389
0.001593 0.026066 0.001277 0.024388 -0.025486 1.455707
0.000519 0.025855 0.000448 0.022192 -0.025454 1.443285
0.000072 0.024718 0.001178 0.023620 -0.025665 1.453844
0.000637 0.025025 0.000817 0.022810 -0.025559 1.449219
0.000704 0.024458 0.001242 0.023222 -0.025562 1.451274
0.000365 0.023660 0.001449 0.023058 -0.025278 1.431572
0.001402 0.024283 0.001541 0.023492 -0.025276 1.438843
0.001411 0.024201 0.001499 0.023409 -0.025600 1.451091
0.001180 0.024310 0.001590 0.023543 -0.025701 1.458846
0.001325 0.023725 0.001834 0.023535 -0.025845 1.463770
0.000875 0.022527 0.001703 0.022486 -0.026162 1.474585
0.000328 0.022575 0.001613 0.022090 -0.026055 1.473150
0.000887 0.022746 0.001171 0.021252 -0.026269 1.480838
0.001101 0.023430 0.000932 0.021328 -0.026396 1.490196
0.001942 0.024082 0.000658 0.021065 -0.026196 1.481625
0.002777 0.024793 0.001209 0.022867 -0.026235 1.491316
0.001340 0.025642 0.000999 0.023433 -0.026118 1.482569
0.000962 0.025881 0.000691 0.022762 -0.025895 1.470031
0.000167 0.025379 0.000636 0.022140 -0.025876 1.472169
-0.000421 0.025525 0.000500 0.021985 -0.026126 1.487525
0.000442 0.025005 0.000921 0.022844 -0.026291 1.490712
0.002136 0.026510 0.001420 0.024812 -0.025874 1.480032
0.001028 0.026349 0.000993 0.023577 -0.025909 1.481244
0.000407 0.026801 0.000956 0.023902 -0.025453 1.459358
0.000517 0.027387 0.000955 0.024304 -0.025422 1.458555
0.000526 0.027781 0.000663 0.023752 -0.025465 1.462309
0.000896 0.028101 0.000871 0.024792 -0.025473 1.457713
0.001225 0.028514 0.001258 0.025807 -0.025088 1.445697
0.000558 0.028442 0.000985 0.025151 -0.025160 1.453660
0.000590 0.028210 0.001063 0.025248 -0.025408 1.463455
0.000522 0.028248 0.000972 0.025070 -0.025547 1.472060
0.000347 0.028212 0.001356 0.026014 -0.025706 1.479935
0.000049 0.028364 0.000775 0.024533 -0.025459 1.470131
0.000181 0.028405 0.000938 0.024966 -0.025496 1.470685
0.000554 0.028350 0.001187 0.025586 -0.025481 1.469845
0.000531 0.028275 0.000914 0.024836 -0.025660 1.473984
0.001019 0.028450 0.001167 0.025444 -0.025588 1.472843
0.000276 0.028339 0.001275 0.025901 -0.025726 1.476152
0.000114 0.028608 0.001014 0.025598 -0.025621 1.470196
0.000563 0.028505 0.001067 0.025723 -0.025896 1.483805
0.000907 0.028744 0.001127 0.025936 -0.025873 1.484017
0.001458 0.028911 0.000742 0.025041 -0.025757 1.475785
0.001190 0.027876 0.000813 0.024424 -0.025980 1.485229
0.000700 0.027677 0.000671 0.023792 -0.026060 1.487791
0.000101 0.027198 0.000728 0.023672 -0.025958 1.486358
0.000071 0.027077 0.000642 0.023467 -0.026073 1.489293
0.000572 0.026298 0.000938 0.023424 -0.026291 1.508111
0.000633 0.025837 0.000544 0.021751 -0.026498 1.513930
0.000303 0.024928 0.001535 0.023737 -0.026613 1.518291
0.000287 0.023716 0.001007 0.021629 -0.026843 1.521650
0.000474 0.022872 0.001010 0.020895 -0.027066 1.534193
0.000906 0.022783 0.001071 0.020684 -0.026916 1.529805
0.000463 0.021698 0.000304 0.017522 -0.027264 1.539934
-0.000550 0.020827 0.000090 0.016417 -0.027350 1.544677
-0.000072 0.020044 -0.000234 0.014343 -0.027624 1.560228
0.001088 0.018914 0.000829 0.016620 -0.028055 1.599403
0.000100 0.017713 0.000366 0.014421 -0.028149 1.586096
0.000004 0.015468 0.000554 0.013393 -0.028371 1.583058
-0.000023 0.015510 0.000602 0.013604 -0.028333 1.585800
-0.000090 0.014752 0.000365 0.012160 -0.028497 1.598181
0.000562 0.013951 0.000549 0.012128 -0.028771 1.610771
0.000610 0.013470 0.000540 0.011543 -0.028614 1.602395
0.000440 0.012131 0.000289 0.009931 -0.028824 1.604620
-0.000033 0.011301 0.000423 0.010093 -0.029007 1.615920
0.000085 0.010981 0.000105 0.008982 -0.029106 1.632001
-0.000085 0.009660 0.000156 0.008641 -0.029392 1.646625
0.000134 0.009111 0.000004 0.008114 -0.029532 1.649314
-0.000107 0.007479 0.000161 0.007609 -0.029591 1.643105
-0.000696 0.005774 0.000065 0.006315 -0.029477 1.620873
-0.000506 0.004221 0.000198 0.005388 -0.029828 1.637156
0.000141 0.003800 0.000307 0.005111 -0.029962 1.650326
-0.000219 0.003490 0.000033 0.004333 -0.029823 1.642279
-0.000291 0.003479 -0.000133 0.004067 -0.029830 1.635216
-0.000079 0.002764 -0.000210 0.003459 -0.030039 1.645207
-0.000154 0.002490 -0.000053 0.003548 -0.029991 1.641223
-0.000134 0.002073 -0.000048 0.003196 -0.030153 1.652638
0.000074 0.002037 0.000021 0.003195 -0.030205 1.654770
0.000401 0.001810 0.000232 0.003362 -0.030351 1.659993
0.000169 0.001662 0.000111 0.003070 -0.030403 1.658083
0.000120 0.001820 0.000201 0.003397 -0.030337 1.655378
-0.000084 0.001149 0.000105 0.002698 -0.030463 1.664156
0.000076 0.001351 0.000161 0.002961 -0.030560 1.669838
-0.000173 0.001267 0.000130 0.002862 -0.030312 1.656111
-0.000674 0.001118 0.000101 0.002762 -0.030422 1.665886
-0.000627 0.001290 0.000059 0.002750 -0.030515 1.676346
-0.000564 0.001311 0.000008 0.002757 -0.030520 1.674297
-0.000186 0.001205 -0.000087 0.002258 -0.030379 1.659331
0.000148 0.001297 -0.000157 0.001981 -0.030407 1.666820
0.000097 0.001500 0.000012 0.002633 -0.030303 1.655134
-0.000688 0.001256 -0.000004 0.002663 -0.030311 1.657523
-0.000336 0.001374 -0.000109 0.002404 -0.030156 1.646522
-0.000046 0.001149 0.000102 0.002558 -0.030262 1.655116
0.001304 0.001350 -0.000258 0.001300 -0.029744 1.632753
0.000919 0.001267 0.000146 0.002209 -0.029741 1.626660
0.000954 0.002021 0.000184 0.002972 -0.029702 1.624098
0.000271 0.003198 0.000183 0.004063 -0.029578 1.613025
0.000190 0.003695 0.000127 0.004239 -0.029597 1.617086
-0.000439 0.004755 0.000104 0.005083 -0.029351 1.604466
-0.000105 0.006314 -0.000012 0.005761 -0.029024 1.587654
0.000082 0.008906 -0.000012 0.007044 -0.028430 1.558687
0.000207 0.011053 0.000016 0.008094 -0.028081 1.548372
0.000484 0.012336 0.000051 0.008711 -0.027778 1.532399
0.000430 0.014042 0.000570 0.011527 -0.027431 1.523990
-0.000154 0.014395 0.000250 0.011005 -0.027391 1.508966
0.000095 0.017690 0.000178 0.013342 -0.026736 1.492059
0.000450 0.018774 0.000388 0.015113 -0.026441 1.480273
0.000711 0.019573 0.000549 0.016492 -0.026345 1.478554
0.001670 0.020972 0.000558 0.017505 -0.025801 1.454465
0.001241 0.022263 0.000885 0.019695 -0.025803 1.455606
0.001349 0.023377 0.001005 0.021091 -0.025516 1.445917
0.000896 0.024909 0.001137 0.022914 -0.025151 1.430283
-0.000027 0.026562 0.000812 0.023806 -0.025054 1.428658
0.000615 0.027664 0.001091 0.025175 -0.024855 1.424136
0.001056 0.028542 0.000826 0.025224 -0.024703 1.417906
0.000691 0.029512 0.001121 0.026750 -0.024304 1.406195
0.001316 0.029125 0.001646 0.027702 -0.024567 1.410965
0.001520 0.029199 0.002607 0.029343 -0.024533 1.418920
0.000827 0.030364 0.001362 0.027884 -0.024488 1.417173
0.000619 0.030741 0.001800 0.029081 -0.024444 1.416727
-0.000198 0.030941 0.001124 0.028054 -0.024604 1.422040
-0.000587 0.032107 0.000905 0.028232 -0.024428 1.417366
-0.000020 0.031629 0.000926 0.027819 -0.024736 1.432474
0.000214 0.032182 0.000318 0.026511 -0.024427 1.410828
0.001797 0.031614 0.001126 0.028151 -0.024263 1.408123
0.000962 0.031683 0.000908 0.027673 -0.024360 1.414914
0.000129 0.031944 0.001167 0.028783 -0.023922 1.396778
0.000204 0.031672 0.001464 0.029003 -0.024082 1.408974
0.000870 0.031970 0.001607 0.029409 -0.024267 1.421485
-0.000677 0.032266 0.000478 0.026966 -0.023940 1.402049
0.000058 0.031466 0.000734 0.026998 -0.024076 1.405413
0.001127 0.032181 0.001493 0.029406 -0.023852 1.397619
0.001972 0.031462 0.001235 0.027951 -0.023847 1.395593
0.001741 0.031430 0.001990 0.029750 -0.023802 1.388277
0.001021 0.032241 0.001142 0.028612 -0.023543 1.372358
0.001462 0.031361 0.001343 0.028382 -0.023888 1.387132
0.000852 0.030449 0.001039 0.027185 -0.024160 1.395703
0.001564 0.029823 0.001545 0.027606 -0.024144 1.391573
0.002657 0.029447 0.001188 0.026409 -0.024272 1.395881
0.003887 0.029829 0.001686 0.027515 -0.023952 1.385217
0.001502 0.029123 0.001385 0.026652 -0.024270 1.391157
0.000070 0.028132 0.001722 0.026639 -0.024116 1.388434
0.000940 0.028113 0.001474 0.026136 -0.024450 1.400706
0.001876 0.028058 0.001455 0.025925 -0.024487 1.401583
0.003178 0.027422 0.001793 0.025907 -0.024649 1.407532
0.003925 0.028075 0.001684 0.025903 -0.024449 1.404023
0.000398 0.028218 0.000306 0.022981 -0.024420 1.397702
-0.002400 0.028800 0.000464 0.024055 -0.024341 1.411051
-0.001622 0.029258 -0.001461 0.019857 -0.024366 1.404729
0.006498 0.029137 0.000387 0.023051 -0.024255 1.415518
0.009241 0.030081 -0.000057 0.022571 -0.021604 1.298301
0.002984 0.029502 0.000583 0.024738 -0.024447 1.414059
-0.002862 0.028317 0.001313 0.025491 -0.024662 1.432660
-0.005179 0.027132 0.002042 0.025733 -0.024434 1.429936
-0.000857 0.027923 0.001055 0.024272 -0.024823 1.435748
0.002701 0.027461 0.000647 0.022685 -0.025205 1.445323
0.004519 0.028540 0.000833 0.023895 -0.024634 1.421925
0.003423 0.028414 0.000635 0.023600 -0.024957 1.430902
0.003013 0.029649 0.000440 0.024193 -0.024568 1.414565
0.001133 0.028363 0.000521 0.023334 -0.024917 1.425907
0.000026 0.027921 0.000151 0.021870 -0.024799 1.417041
0.000000 0.027514 0.000099 0.021063 -0.024853 1.424999
0.001481 0.027123 0.000658 0.022389 -0.025046 1.434355
0.000886 0.026166 0.000632 0.021454 -0.025034 1.430575
0.000132 0.025500 0.000347 0.020027 -0.025247 1.438578
0.000042 0.024217 0.000672 0.019865 -0.025461 1.450169
-0.000898 0.023501 0.000263 0.018105 -0.025725 1.461526
-0.000366 0.022157 0.000448 0.017614 -0.025969 1.469378
0.000661 0.020622 0.000688 0.016989 -0.026266 1.478884
0.001161 0.019476 0.000527 0.015602 -0.026504 1.487375
0.001076 0.017331 0.001570 0.016226 -0.026789 1.498317
0.000348 0.015516 0.000989 0.013658 -0.027292 1.513140
-0.001448 0.015106 0.000648 0.012251 -0.027139 1.510749
-0.001613 0.014144 -0.000194 0.009061 -0.027203 1.510165
0.000121 0.013794 0.000221 0.009534 -0.027248 1.526827
0.001156 0.012243 0.000103 0.008161 -0.027459 1.528806
0.000606 0.009843 0.000889 0.008620 -0.027598 1.522934
-0.001030 0.007095 0.000219 0.005912 -0.027654 1.517700
-0.001024 0.004589 -0.000247 0.003355 -0.027654 1.509433
-0.000416 0.002261 -0.000298 0.001762 -0.027855 1.521777
-0.000241 0.001614 -0.000333 0.001084 -0.027842 1.527224
-0.001529 0.001391 -0.000092 0.001518 -0.027770 1.524112
-0.002339 0.001436 -0.000130 0.001563 -0.027785 1.522615
-0.001060 0.001510 -0.000184 0.001371 -0.028142 1.551647
-0.000239 0.001692 0.000016 0.001976 -0.028324 1.560438
-0.000167 0.001966 0.000024 0.002148 -0.028383 1.566246
0.000186 0.002379 0.000110 0.002021 -0.028229 1.575709
0.000390 0.002192 -0.000154 0.001422 -0.028421 1.579668
-0.000936 0.002115 0.000024 0.002204 -0.028421 1.574065
